303237
45379
785944
672905
272658
442894
913885
907649
885488
404285
707921
111146
641736
706947
571837
159432
179174
314174
777765
196999
721163
518273
799448
379851
630316
109030
865661
39074
298172
796525
395159
49340
716527
325446
177816
594874
115087
501697
337580
575998
414190
300980
412911
978978
870771
773081
6792
883851
859102
380639
265638
259388
547813
82812
650001
471426
694285
373432
149886
443734
897811
697841
718038
37835
790915
687766
387412
680325
265636
541380
272448
388132
740816
138466
825965
30061
530929
563692
235111
617779
929340
441234
806768
170823
290388
288265
746837
889096
321091
950655
191248
242780
359852
723119
98264
618192
688775
442128
898655
671014
314081
8959
956962
56406
888346
85581
737754
853306
967402
378673
525924
488703
242360
817574
393817
930138
824170
289576
964573
563202
239722
726027
997399
77466
62752
326962
353371
119345
94490
841068
634627
503523
522802
446745
77484
53137
516890
631418
778641
169209
708090
344965
138304
891564
164681
661415
473622
197888
613729
191577
115347
457724
370062
674558
79723
33401
676507
45600
373031
285424
434439
127655
33194
235749
756731
157336
760097
411608
37312
69714
199082
12528
342902
972921
213741
955474
726633
205121
599737
834710
963462
63127
367588
632180
355372
528360
330375
244612
586683
898660
533122
429683
564304
256943
344088
602077
870034
811733
674288
339975
50772
266588
451358
645943
890229
242004
596939
937405
19827
307363
689939
68876
480637
336264
10173
560362
692082
520667
35492
988819
331389
756107
264706
487512
455451
352119
647809
796371
983240
891938
283346
202583
835896
683336
882546
834017
418522
940480
149187
89896
706709
296273
402445
775226
253334
832024
342973
294289
19528
16308
755957
20826
834282
493561
980052
52584
645
484306
466365
849079
671311
812493
472544
328026
272231
588609
883775
362871
556226
793615
85755
502215
12407
61233
225075
133384
456916
153012
843975
327016
743589
646367
932712
238476
517257
558657
735142
808772
309865
649500
207168
241511
222809
978156
116253
545034
939228
680081
827469
653078
460355
190517
320989
15938
845005
518209
318952
81174
227190
390069
207293
778192
251605
476530
850123
22685
7626
764477
53805
187060
43978
752641
641924
805695
498512
488808
596425
766133
392078
853787
13858
297441
623094
7854
96534
64889
638328
593018
167683
662749
283256
318913
342706
623186
379349
549292
261345
518614
666647
669262
829243
511258
856560
504393
373653
154518
811226
877723
62069
140785
806978
399309
883675
961143
726650
527418
443278
31235
326138
62678
295858
181539
475407
140038
709647
496876
448586
593886
252111
845768
998499
930721
939334
801043
713688
136414
840218
715926
71958
504004
752144
718180
849245
807882
725028
93647
317683
647267
260282
176088
232581
907499
589420
254594
802684
134454
252613
976901
497951
949712
499391
951854
847055
499365
624801
138458
825012
639293
971897
274035
98586
126622
284418
182616
321087
924553
20032
994166
945599
715137
847883
605107
756954
140732
182191
429166
877843
601170
345698
194961
56558
875149
158276
76777
73051
324970
108223
125153
266115
760333
301039
75490
259933
17673
210474
607628
365450
42054
232838
547200
699704
943153
204038
230322
590111
579015
952055
838258
67156
91638
863536
74195
939767
744813
195763
331921
36359
555807
702498
819447
608777
160275
893308
841937
326644
539897
756336
71149
938614
36114
232316
209597
494971
289001
239746
163698
706323
986585
874561
492857
617457
309604
894644
683217
131465
482834
400587
663359
350995
841466
897271
609705
1056
48281
149802
957496
293524
539243
144673
863685
677414
275979
33326
50146
965422
287572
303762
793186
550819
444821
966289
70032
188720
563361
962909
722322
339814
912276
634324
159130
823202
669251
629180
621629
308374
173902
800436
407243
617788
157694
746178
468001
217622
610124
164892
709683
91401
493290
991654
326745
412233
316194
880787
422838
267048
980351
386659
716882
965773
241087
451253
117862
151116
508575
945456
397380
921138
199083
986580
656731
799983
13685
396703
685654
777518
234406
110009
936452
5693
660892
507141
966794
341092
934697
207446
30975
737028
618087
147695
152022
784900
699904
994118
765035
61881
603658
428477
944856
731970
641699
320689
917838
585029
325075
985798
957996
836998
830028
368235
748666
421197
979219
808709
79053
583864
132740
90707
112838
826147
334671
412652
109068
260537
831386
176068
225533
835026
805992
646182
256074
764962
190456
10262
739396
962375
112533
737524
401196
979037
842026
137274
926190
694367
996070
121356
962000
139077
417681
725352
975698
258219
775970
622240
160448
751983
808879
298690
84589
132320
500110
92782
566163
748167
783597
350592
738222
362028
744794
225156
734590
302105
779381
219884
968703
766936
835461
882773
862039
188049
650663
38851
765506
464611
944202
145596
287817
510824
717690
29257
251858
564154
89112
852826
701273
607448
234032
286691
353304
58753
85671
479864
376249
6213
146562
559413
126463
285067
762677
675754
263210
535923
461490
765435
618309
442040
888608
69201
607560
977154
822680
862406
877968
935045
764720
339169
206204
777556
643465
47756
934741
816751
415800
412221
734134
843419
751116
167298
664563
574210
666589
958731
629177
795500
780310
892235
956732
91195
757668
503082
385120
423005
829952
186154
416537
245338
553351
518226
140447
734908
93809
332414
151318
315358
322274
716720
45446
40733
188592
261268
26430
189459
890706
583350
284567
147683
724907
517622
904325
358881
434014
331236
138379
717434
33213
629710
933150
999681
430789
456288
728881
905103
206757
306201
366622
729333
240215
233436
88610
283643
6305
292381
337936
544103
711088
358711
117781
727082
755679
547191
287029
261608
7996
219207
251235
488516
566556
253734
638695
847684
723345
800263
949024
871418
637894
89054
350742
829790
941419
745210
620407
183019
801984
330453
689087
732177
108214
878118
494935
14243
425234
62150
202620
802423
621532
852202
343338
168840
476046
157205
559982
765491
497912
80459
445108
538809
67764
874499
229572
23886
310674
932336
337621
292252
116873
170705
67348
293702
618564
49831
238762
373322
411659
906778
54745
448415
290778
36393
365765
755902
159841
887378
968026
167027
731926
821569
52189
176045
50953
562256
888151
514644
639979
658193
206995
702070
577392
981213
92203
643118
616134
692073
646824
678359
812978
118488
704199
484154
380536
60261
499319
476524
86872
324601
799489
995548
403018
757860
638425
538801
522345
94559
276249
742025
423168
136818
36358
73003
900393
382636
326647
396063
656252
205439
217536
285787
157428
591186
642397
780913
758012
504846
732980
47833
36219
754261
853988
959754
80574
423603
256843
729067
409187
108237
518179
713119
293734
755028
566262
386951
537214
841088
627154
441750
290164
447174
893236
732539
261633
141320
336426
535074
559322
565300
569527
339265
842925
676654
409802
309307
885613
213626
76081
384240
871826
285062
380098
668819
952011
507899
529860
176699
12476
715993
139250
784483
263736
599719
478778
399525
614725
566530
565642
492528
717785
955889
735527
14792
1291
930266
839280
881847
57386
125763
270469
754813
47778
847395
74004
72088
973310
685663
673046
288199
413980
406932
467695
509007
794998
492534
932319
643335
246889
525417
70347
820213
115626
327848
340588
332275
361758
252232
285442
37803
430731
995474
632689
525507
669659
771183
87043
944301
166070
618091
34559
76002
350687
625597
396342
281668
32254
476054
732343
823205
874060
39919
246658
384135
339444
59603
678771
417170
229847
508543
919025
875088
861538
809724
315774
412563
788077
136908
428536
669083
630555
43774
464450
701902
949056
915070
514146
705736
333792
399178
456009
226394
644729
774933
907634
799921
826525
331938
227644
742512
239327
483259
975195
995213
923723
145625
551349
334900
904671
872444
222544
341692
137383
368823
535518
337314
837921
499062
964850
124020
687112
940227
14178
858954
804389
315021
566958
130495
460674
647198
326210
504019
728829
896558
844468
880907
65181
207739
936285
865486
320326
368564
453566
47733
309845
112862
329575
953972
442763
101003
565375
317521
692473
45906
54215
764036
40559
435887
67210
420854
656077
131900
822543
256809
871101
246521
748328
973869
713740
129795
563668
534257
817734
7947
528980
530140
691808
976635
857672
340509
103950
754862
243610
104615
140031
920326
445382
926360
807336
190111
543698
677759
444074
404884
281013
477683
776072
526879
817735
991895
138568
218966
887498
992111
288813
362591
25927
709482
110501
881694
824173
170469
583368
553176
820461
275355
656995
45393
372579
428412
472530
211233
467372
402162
270537
371857
705342
34539
620546
980544
982432
730185
740884
143959
994648
470192
666587
222004
836403
99824
541388
818162
508878
982705
707913
564708
248327
550118
567752
443775
960060
381494
273548
943603
782525
661658
43306
179325
972220
97970
584493
412097
93944
64719
577025
5229
284125
609474
432822
312292
246122
52885
854330
20411
459298
445669
34013
794729
281466
97153
858393
453173
121172
494497
796784
300844
949937
717298
582324
871085
692933
237667
504206
386218
299684
119128
408078
220081
34266
523293
120283
705397
317597
324842
431613
91404
168831
592517
225133
86272
834821
461676
568560
445829
658687
262909
863901
497113
276950
445400
425271
320996
125715
952157
905525
530314
162141
152474
756600
459553
359189
582951
871150
663430
939114
466631
68471
544360
481236
441955
439051
433617
159250
834512
886569
474244
16541
298696
528938
439153
850608
462579
315786
653875
681097
310397
432325
979753
498445
911618
769318
718983
634552
210890
758042
441061
956487
698872
86682
327303
218729
763203
98289
82655
37000
890384
299215
280159
35967
793100
506956
218660
620453
716083
308555
466894
244694
961768
610677
725654
969180
254556
313530
712950
115480
592323
448747
170303
720118
638121
166872
36336
693246
361407
213747
22591
527906
483328
872198
890374
861974
344028
595171
656780
468437
410066
511837
822930
331730
725084
479580
87863
411145
370018
158891
416102
139721
515855
272558
594369
6028
237860
683881
480870
327758
444495
524070
696237
309915
555868
189546
2942
581426
379233
714634
249100
203792
686611
51537
229480
55483
485887
142739
816916
387043
786058
224394
277919
680536
512504
421579
753834
995560
947507
153355
301100
833970
84212
310592
579532
557926
939417
860671
282071
239685
103848
839217
288732
342053
975772
799969
458097
116919
462838
354068
402372
20972
544981
554731
717750
85839
267198
124458
306147
539694
380305
208064
907201
272593
28947
503266
781721
960572
822534
321059
148677
209326
12519
411405
680309
272650
783071
365640
890984
601436
213932
912971
907685
374965
112770
659042
672391
249471
826340
607934
360875
648127
398976
707650
991085
633415
869869
692796
155151
736868
536899
146895
814672
354317
332063
995743
696233
602530
645120
280702
973796
58941
504694
316713
179010
296384
566654
230881
24950
551792
265326
577306
344508
591220
384165
293618
266940
372149
429076
936460
366890
334642
305075
33206
200600
717981
14447
655234
468417
580642
80095
470136
92879
690466
270385
691880
712037
606059
706783
494760
71406
444434
979995
798697
868383
387875
17029
777694
987983
444242
543336
37625
480969
176230
550785
52352
873402
432317
51023
354693
970095
828712
821790
20081
921513
318448
506630
310071
188317
8994
132086
14421
408321
518761
897252
577562
211254
773105
402846
422863
869354
747012
982260
355050
133859
163596
827349
142701
267223
368457
268527
400140
4769
917103
129864
181635
964010
928421
232327
849221
163956
411746
490927
881310
573261
920436
58361
661991
220268
511659
231250
156813
554924
490916
105894
7762
122134
695061
52293
879007
842255
310796
134105
738410
579963
168571
27856
274280
563016
904288
553773
825859
392018
493127
892207
502238
942843
508494
374505
226909
905905
170409
502001
777839
352024
779840
577144
474318
408894
316090
566740
445494
665606
361727
214016
447081
855051
605284
30641
928308
352808
235593
652252
626465
581909
581859
374841
28605
480174
913743
679899
428658
989366
192147
303391
178915
289833
433727
524509
525813
406210
329673
365276
782109
409407
819848
219497
640454
299624
833144
13133
149631
892575
621152
285499
649956
205752
465403
302732
355185
915405
197873
581045
138483
578559
670122
39053
305905
214809
291620
1708
878112
874901
201224
144340
906331
286067
668855
481349
775205
53672
111194
303479
698955
746518
189653
598061
405048
168837
29028
590437
160751
712474
962948
28136
335898
273593
928742
190988
980139
653882
382192
163025
667076
740281
807620
154510
456095
8291
169486
686049
859122
541013
801231
488513
991645
145848
463039
387460
954086
764634
775356
199465
205336
462953
695041
374953
865961
710552
910941
274346
548891
725404
708582
675692
752465
931546
318320
33766
755292
896078
560556
28252
494777
279553
268990
481458
511091
319415
807084
693779
529996
194419
761260
500096
721975
881836
877146
25330
292826
547827
367484
349813
632543
843505
332438
352272
215351
606477
305035
487514
570370
119468
768297
423984
689850
62596
431092
168376
878120
151930
582747
205714
600373
953759
193192
717021
233107
916946
710603
751040
521405
658947
576398
773303
750733
168236
380298
271949
234697
107897
814356
916812
448168
230510
50788
910387
584188
305761
722229
159487
167543
944088
130010
335974
423623
6497
781903
630055
422578
298424
797481
658343
172650
747016
283314
16663
354974
663788
798677
798576
936387
850077
8395
17953
686656
674315
132109
149816
54356
729972
872242
834151
998612
158267
297536
940658
301336
284100
327295
328752
72066
377618
90474
145620
956982
925872
985720
117322
783771
917327
447604
996293
35165
93468
832729
377104
919463
779398
765828
458796
209791
662900
175780
191543
928306
385212
486460
423298
583611
821721
301787
42240
552480
40312
692973
500618
876815
360229
693764
36756
91243
674954
39201
700697
400836
588666
661493
161135
207041
13967
336218
641422
661840
395900
570223
301106
614019
68607
122694
972989
884777
966560
680967
207834
214759
581858
414009
371030
146727
466822
163763
305261
97520
928155
114365
193997
301682
862655
468629
816920
624343
285204
550740
400174
704792
487888
822713
201382
812459
918640
687647
815510
459905
68208
767328
68027
14781
478520
741106
836973
684057
672885
337546
658924
198365
241911
678577
399208
912274
638007
452853
728537
820176
969494
161675
369493
369867
986093
5228
64347
795085
742918
609277
797451
453736
245284
670563
640182
375444
17447
937136
848074
469180
393570
218529
506557
952008
778317
737304
489941
447205
892464
904
738773
120275
130208
829075
348659
744987
407310
714239
363930
669231
12049
355928
304416
537223
858344
716728
286369
775515
321879
356201
701707
702224
880203
262631
409525
533352
495367
628227
121034
711578
576818
890785
291605
480157
549769
23802
897358
297662
857046
717955
133893
438072
715066
23965
805718
729201
675972
119593
738182
262400
960224
32967
857186
13351
924928
228369
89437
553800
946615
217888
753490
581812
794303
437800
876109
221407
338120
554748
944959
93338
450921
226901
994458
819251
485629
155772
733972
621244
935809
869573
243787
926391
327127
235786
341757
966314
1605
970866
202792
898258
145666
745459
537421
300994
267676
828457
520650
75595
171358
290687
121368
706355
868460
425374
792607
337797
14284
504866
160273
570381
578124
926901
713620
973965
915832
66354
312613
26770
677813
994007
827171
189299
333716
237329
194194
513076
384750
894683
229393
447580
633304
650752
101513
946474
623740
15662
204749
93774
442275
464319
820937
656622
40105
912002
46036
308767
127872
711834
103611
310841
797337
71208
433080
606141
786865
429592
777286
875816
413448
159767
338899
467670
150252
238849
653517
878540
669881
213484
835457
62645
483402
340704
818970
132904
194221
73292
238895
229402
568591
711265
418052
19575
133552
868512
180687
738917
936208
456472
95479
386641
33960
330424
585137
2513
694947
615907
504800
554025
6239
568586
954908
787127
659459
324015
750786
142644
290606
632452
251893
689509
262819
877182
656314
769784
365042
888273
310810
467835
76459
465734
688342
759908
632721
354728
255096
875974
316465
145379
833511
461133
279690
221806
888366
542134
630769
591123
71876
341202
611991
246813
348511
951131
727204
809731
814065
556044
219636
703596
785153
30605
500431
126031
100638
412965
683869
4236
194269
455651
594470
391764
908618
811968
720323
588195
643887
901969
28042
901088
223211
237133
26896
554135
877724
449853
721334
232509
596061
283617
832695
972908
798844
259534
686763
727410
867274
165658
497619
348014
799819
132731
451465
453941
511867
259773
81956
803535
425395
733470
758314
398131
905560
678696
292478
999061
780380
221954
662745
19547
400933
232225
157714
1413
858840
490831
281227
187774
178098
161287
979206
475906
699991
495455
629188
352280
649091
906046
517503
784792
422657
392623
635413
939855
289007
151092
890559
58133
603578
874807
264781
61497
592567
936429
972954
102204
295577
263969
670312
81692
109319
978040
849995
115130
422858
937188
322280
947940
362671
167918
577973
663369
822934
958967
730877
755533
138470
333234
652249
472551
641268
766229
112903
657125
574828
487211
874863
723494
206807
128909
133555
268016
821428
666241
2446
898600
291951
582788
816891
959330
496992
285369
973457
408527
472931
547292
387703
28077
956525
108364
119721
502072
574161
437683
870629
430495
991962
674303
288278
991831
84485
61055
939755
24472
760129
349042
898566
112743
434435
106479
471799
295737
987008
602358
976905
243751
196520
18074
232920
87028
230000
167965
216116
757823
16748
444622
974353
109394
892109
468297
361786
559628
473126
272262
457213
802691
424842
29147
215927
958111
136498
850442
313078
526564
446185
992025
738830
841108
896604
438845
809314
201468
96272
947563
360424
383108
350786
369837
777422
136167
292638
629882
822697
665058
87766
89200
337735
469471
198601
279170
494886
272951
835372
813438
398776
813861
213026
694855
18427
198036
110969
894229
974338
278519
603614
675968
711798
76866
355812
199965
317010
18556
967856
643106
335342
831303
974275
370719
780547
881992
151912
866898
595434
804478
679351
913081
552588
184698
53256
121468
87618
509936
289875
731157
947555
785773
55810
52242
803277
984199
597230
749603
799054
324190
759657
2918
108699
761431
737133
919516
589706
382354
79859
802832
836140
102354
310161
643562
980384
583991
449437
311362
58925
383115
757462
321956
833393
982170
829733
700200
368328
307531
441054
687817
767310
675920
720324
748384
399121
582030
630704
505676
334868
838592
62260
401707
911829
521484
931365
504537
781479
817914
495308
654980
101747
904561
212359
282233
227144
859820
504993
500316
801792
587055
142422
494267
961311
355658
526235
923365
500434
56803
551498
895064
267632
357524
630839
969973
81506
987372
578454
332452
188116
972086
394712
81315
510964
771454
889332
13892
446194
70323
454687
997479
999377
717398
455518
3699
459509
103069
115465
717607
478419
49056
133142
500733
124057
356060
635945
615440
525329
75373
948910
843869
784018
108868
955675
145833
560427
456565
551457
949775
482676
826750
126312
222751
363880
689002
256389
177198
474439
179007
459848
33095
587869
126433
938780
342050
357501
156785
712226
996934
731802
605338
719799
645856
482757
381298
254155
49024
439029
213401
719329
488701
296162
807636
237570
6986
572977
504151
875471
491566
450451
483700
48993
903788
658241
244523
676826
4068
130446
324876
617508
615721
722086
416215
298086
356641
247396
283407
166148
963292
933622
869061
527053
861400
536875
710477
382877
467216
251192
35540
730883
67008
51736
44901
517176
926824
833873
204995
408883
550080
64385
654431
306314
717311
942181
602930
338474
350479
129582
942885
86345
526737
383565
572136
116378
210342
14606
333565
488572
169190
795511
428074
511561
264251
548118
193960
796026
424452
866570
693686
657973
53087
546580
780610
639165
703228
136756
827548
148754
299858
803378
241818
66025
490667
310398
188226
24194
618669
568518
920721
991131
751028
215395
612777
10084
206801
115078
922791
397990
478880
64659
471101
953259
278194
825212
328846
250844
358493
167881
610095
128207
650883
914305
662963
479478
95839
979961
301322
750185
838935
234158
502425
776461
3243
977792
155788
972680
414591
232222
757599
804051
183207
620327
302504
975599
758013
49369
578101
698172
898045
134114
96704
830154
711180
912385
482061
743249
968300
213630
726793
345413
366356
766439
595618
998803
275667
383372
681026
905093
267886
872702
995444
980635
528369
999734
307934
226862
936380
39315
573621
14084
916756
761330
732563
553406
490996
655450
608507
416607
171339
521590
805659
223783
332710
168175
696367
641617
797768
474281
567617
787261
942419
891141
773036
441799
734198
484952
275613
859735
728335
290912
674652
19915
27385
415710
809348
613978
572394
320275
982339
765498
752411
84298
45505
253081
881338
228900
614562
692291
313940
525277
823676
955300
329086
339485
39259
580691
577554
942624
218783
135038
107661
495539
679426
951699
198819
46445
613777
105563
362256
406501
120633
464040
123152
174533
476244
455455
460721
165398
720032
625915
49486
309688
191263
146333
586217
599476
462069
344661
240805
344683
139611
439466
229362
319600
805754
322076
200929
356402
755487
215422
320431
85014
164076
239750
153177
658808
910176
452680
257823
681355
229159
245034
84320
550781
828724
735249
15213
441784
257486
659928
552925
974523
611770
139651
165859
858833
58198
552344
434708
890142
216963
974264
539915
347303
105740
34113
231546
342698
716374
373145
787181
493274
984200
377785
695490
90778
119722
449061
439776
504495
722867
776255
541083
792562
769294
659606
737759
546002
599088
448341
538399
84280
180345
798314
520262
791755
920272
239311
252015
347510
819290
708737
806384
467824
647899
208893
229138
519196
854453
44411
803723
843850
105802
404837
629006
994137
336704
556718
32098
975519
985183
430111
425058
153873
176095
926569
533423
609604
218666
314372
205922
732596
83800
236053
808014
713177
321744
818003
929161
712526
487479
802561
658529
334509
435535
902052
340288
719211
578001
557774
977033
819505
555090
324874
422719
548349
156210
759147
964264
334363
921178
473425
865804
745834
14578
769840
316151
710239
542788
661152
847674
295047
413329
799692
93684
215340
795273
409312
62926
217028
501695
779941
900503
668796
946209
742168
203747
480996
237961
923611
948223
208152
985064
105623
438535
682724
430278
257328
497612
295817
273544
180718
971790
691751
964710
212808
29128
222117
103714
843567
693557
751826
865999
311586
653221
108048
814369
592948
414349
232546
696865
339183
649248
449562
815242
595193
728263
784259
365500
644911
74066
292962
878744
940931
856095
364701
233488
420314
561564
942492
988455
919238
634133
217207
439076
232836
273870
409225
218388
224323
997284
954322
429650
774628
460751
268279
488677
683915
879282
100706
183234
451384
230487
731536
760811
726082
638751
423561
109728
488074
682199
248749
964877
961138
116067
553693
374076
903736
172560
379537
279996
977930
21521
884336
420943
657867
164128
47957
421100
566222
587424
247283
627127
359723
494504
637714
666338
126403
63397
58961
464625
566198
969489
767931
97260
441510
300714
413801
634909
393103
174313
153923
279924
526303
519999
183347
476565
691467
412620
483186
869711
767034
571776
290699
962125
2281
154496
82127
548811
393968
902322
720566
184607
57620
156732
264682
79067
524458
957929
650610
912337
322792
57586
331648
115120
165703
170264
922444
85533
214339
510572
410312
397743
962967
440481
227309
677226
812067
549129
858706
823963
461064
187307
838458
279718
506141
836616
478254
11426
214121
854958
323727
414074
354695
272066
808048
671188
517787
827489
817332
309573
373967
760620
238644
262362
143843
130536
342512
123747
440682
283305
471351
167073
139735
792273
578874
60648
207402
72162
930842
23037
168266
378113
601161
551395
232752
377667
269009
332486
220098
371252
669906
573775
426472
388507
169227
309850
716190
531205
439956
531761
574296
446184
289555
802248
283990
304701
762120
135949
383095
781408
504914
187591
321044
511791
370254
614273
430354
437422
973961
164660
878614
694220
799225
425016
968036
403207
915974
661735
527356
101372
370969
74893
993653
751846
210391
819396
519435
116701
415770
970801
788265
302186
41098
723116
435808
18494
294435
654412
447897
833095
116735
902379
544748
705422
68864
379917
426090
197588
459856
63748
592595
981944
90890
556153
636536
769781
141826
774840
865448
650430
576509
704587
16763
726604
440269
298205
666153
708693
535971
571327
308470
542599
616217
107549
986434
663798
347403
540767
2624
237115
720420
624363
176193
569640
706681
770812
361721
961109
61967
390511
446072
428553
403802
643270
474992
286549
120061
853100
895417
686427
14472
179559
726286
985927
911551
493479
963498
671528
878992
688422
373781
609552
871291
26636
982775
363947
696804
989278
860155
408751
971208
150021
103514
347339
595450
446772
867676
872126
427057
840668
174558
346210
29671
252762
729267
385023
25133
133675
700709
662176
142321
596328
453143
668328
452437
164012
951573
289580
674568
275575
897008
339737
465746
836440
260667
828096
155887
816327
949881
837375
69311
654333
64861
352288
727355
465380
89560
963650
444195
490582
633541
292525
770401
80144
893315
224016
614348
198736
649716
533139
578781
351423
12620
900476
118901
96754
210
100590
761771
653731
480714
642525
429510
400426
942269
408931
465192
98944
175406
492568
854037
250228
980606
251214
117837
635718
532298
893791
169904
128155
347750
242118
84776
95348
856691
466759
504891
544757
638129
293336
373915
161888
322727
6735
676700
916536
340357
296940
468571
876437
407804
39736
80031
118033
5403
949644
972465
426829
481467
414159
153210
119872
610918
44031
858489
345409
748377
11827
888554
33769
890631
366878
396057
893576
544138
570303
977690
901194
681285
100402
508734
612446
340204
793555
722088
970812
512533
965347
457543
463429
649745
184021
135422
651718
488274
335904
788030
837332
802264
322874
710759
925637
27336
232392
397753
192971
862530
245210
65459
36245
392268
451363
396284
351930
370819
639783
628021
584283
568733
76071
306476
478403
971665
841435
828481
510499
714586
175335
162634
117475
241033
187406
693727
933340
734483
361867
810395
525042
30908
563037
864690
509036
508601
654293
458612
854837
640806
69615
772129
203842
854794
840170
11411
162582
691336
131808
413919
894667
172227
882643
878536
557276
974376
747883
43583
701887
45649
524325
881554
891587
316870
452876
34293
150395
524323
103018
973098
346933
802263
705874
337347
201668
502296
375732
617685
702417
649181
526273
956705
9689
970017
294050
242315
773528
818077
468178
49944
466598
116167
374954
803958
455173
719558
639483
847536
670490
518487
144750
851853
904388
177072
959689
982155
917517
394716
302257
657137
627199
983312
948473
475940
119709
218279
968849
275454
350504
965145
294885
113497
128322
677701
407248
782942
614030
763703
569267
793261
421352
470296
44012
384703
109472
58234
729240
800279
898353
819122
915174
491608
581481
958304
22161
801581
612507
632425
572445
728020
325520
454475
519958
928641
773312
99723
883796
864852
175067
40336
848165
623773
10294
1184
496726
195106
986681
738754
884099
576085
154874
160244
19344
761487
967538
743109
483715
229469
646966
904183
669421
724211
200032
890281
869568
776492
500963
112701
979554
34953
289300
494438
898376
700820
42633
291766
794777
109125
370566
440917
117406
628347
339740
67813
417366
935767
940288
909938
166007
960258
244081
970953
194957
951734
769651
736563
743714
361350
251541
378454
709514
176100
588094
625552
763941
383086
297904
422368
799055
613721
598035
703169
626685
542360
457800
95148
68282
187993
716705
732627
541971
279023
331721
599425
974206
372422
693000
706694
495817
930768
204718
459268
655205
415178
965434
675159
900940
867461
741777
73816
203762
873419
991409
973609
280430
341220
534784
778021
395633
29986
245343
179926
342552
606386
106030
808157
217495
547830
463779
73978
246412
161336
734924
898676
346985
552554
617164
725011
431843
723314
816892
556562
316850
124754
433270
69928
449333
233044
31401
457817
495429
740570
222943
576342
85764
866935
622174
851683
641730
984840
253042
136380
365702
870003
960888
188814
490187
584922
800060
352232
81397
40469
175847
18562
17177
790190
999749
857094
991431
488456
714952
912904
317535
110676
593308
717653
7950
14789
826653
749094
937934
248915
769322
296755
403973
121570
910077
369149
168964
701923
166384
626878
954124
677470
924263
359908
288188
260719
178195
638419
48284
761713
900043
472622
611927
426639
868902
933608
407050
666905
607676
811905
498300
399600
105555
968514
177889
726280
243301
559078
439132
685566
970164
476612
267890
958125
293915
258313
745760
519346
690283
89839
699059
27347
16291
309316
7680
904329
51529
864315
823019
90753
392821
61142
933542
2092
571947
450967
690516
559046
241715
240749
65880
390047
664683
825289
401790
419494
516995
270068
371858
180647
145533
406254
771833
967607
545806
249218
98220
816259
30754
997845
9913
561711
94385
680078
707036
680024
600263
902183
254591
46474
964753
878798
689396
480540
750998
43592
490926
715489
460012
343747
295774
372306
121733
564279
223270
309187
647205
351788
887517
477132
133153
857257
520501
365895
869401
300989
397733
844708
514751
54088
657053
297006
840401
96433
821163
788293
517023
128490
967170
286501
969712
534050
497415
925354
339182
978925
832426
267164
850352
946065
230505
458123
59443
845220
392849
113460
319978
568140
728155
892026
600680
61401
212348
399331
317566
778965
813031
345158
405396
17225
47076
994962
127585
974027
16794
970531
895654
339394
411949
228162
675306
222709
922618
389883
695359
696488
911763
316239
915092
187125
547343
578122
579130
182462
374509
348208
266098
377089
533958
414131
256485
853827
181347
387123
510192
425367
845787
847913
564935
569458
856666
507534
580659
848774
872226
835816
751736
699082
150039
752201
427513
648081
841178
838420
526864
850082
572974
555987
545218
772695
589798
738314
879783
987430
359462
694050
645449
391523
490392
469579
105421
91431
570660
536191
916829
970989
450965
57053
276986
63121
7277
127429
978111
446965
298478
93906
312412
625167
633971
87939
686584
832136
778447
843572
160497
647166
123647
368729
433404
221017
671948
550006
623110
459667
706241
697999
348566
969898
239410
842569
73318
283784
781387
20748
275076
661282
718793
175832
475587
692055
937481
482363
337681
230557
380766
38916
462079
673604
734433
374177
410987
982014
909566
237663
611175
751544
411829
229380
669058
644969
481760
730460
178278
207687
621125
188870
39692
708245
114516
328262
312048
835291
615452
520168
745445
832676
901474
703066
970473
553530
213336
929885
399817
213163
722278
663644
179525
549449
161124
787463
842030
921889
57298
75792
359615
975102
933654
940403
581318
338249
837614
652540
175902
296371
250070
15633
286927
858869
531868
145274
293402
154502
428070
216407
100292
457024
253266
249234
154126
86495
342464
202034
260162
879265
22955
922378
53568
993074
184128
599521
402117
81343
842012
510772
106406
515237
311410
492198
502493
785325
315508
403621
389853
312593
831563
700127
302828
717069
693315
758260
66422
582435
11525
670463
131216
65871
984072
140623
566173
1654
249699
844310
202629
983939
481926
348678
44736
269135
456422
395560
519722
556322
916309
352836
371145
41325
516774
653682
874224
132891
51623
783274
784883
767024
174544
888519
43545
335998
365886
70643
23548
802024
50668
845389
762644
961371
70220
717332
647052
924802
249628
403810
214558
30011
854116
430883
800149
504275
233394
596752
637106
348428
41583
956309
162535
259708
192359
237772
340084
499441
554043
758985
898897
349186
139372
477845
443665
549263
17279
644948
829549
676539
297862
248699
652384
918258
313566
148581
14674
184110
702352
237641
743852
607266
445862
895108
567764
324144
704709
276593
306382
481595
415471
701632
788117
890738
279627
618796
81716
874036
476980
519217
468194
203472
274521
740044
181434
201876
416558
978529
888020
283387
970877
212140
223274
591759
68797
896215
826822
215695
664661
587371
459321
482774
339525
398830
609636
245492
86288
367621
789235
908563
326933
655351
648308
505310
85750
668081
886987
677527
568836
123350
926689
490587
113337
195808
618304
637871
619126
919749
299718
598445
164162
742378
444907
803447
669953
214916
740359
548752
519651
79108
468169
654040
989959
106109
782172
988848
494672
940392
362128
925137
98990
539026
787755
920285
1465
919604
265919
455710
640961
976115
859581
909999
293548
137555
125810
63103
32814
611615
747875
261840
78970
689532
343566
483072
990596
593367
143589
575200
614994
359603
665752
936407
208252
76395
61062
131280
526491
339923
57970
182574
434739
607926
16190
35345
296773
909820
464392
259713
474865
524798
285291
129266
95552
669676
253062
618836
19511
277821
399
408729
961728
689855
391257
832049
932425
215532
633675
839963
179523
542178
68381
738156
264281
980726
205115
869478
903104
84809
100653
325458
561953
143436
856724
630277
419721
546445
966683
405782
173718
939836
638084
726229
90980
763333
261975
375447
968267
179083
482947
2985
155023
924776
73249
291438
970987
965351
773489
523440
591976
916617
425849
283055
474771
998483
932116
725797
541097
705435
450664
31099
647278
681831
133497
680629
77745
23674
824659
823191
438430
102347
384373
804355
667733
498086
539761
452174
464145
135250
578334
249096
964311
657200
102815
145421
170986
672341
870038
170768
624734
5283
554030
697127
79252
595688
448095
602617
558168
86107
979553
790038
960203
622775
508452
93023
141556
227825
730979
455197
118832
35729
481223
320085
723933
128495
427795
954265
977194
860867
318021
640745
44908
483773
762561
431447
501141
79595
959148
540281
899256
102081
314504
539240
541778
713358
420449
196894
25446
452990
603153
906727
924385
567787
707289
242906
804788
284818
332055
928749
667346
33480
669341
100717
128329
164330
413564
514011
864313
492672
433253
379429
577909
224045
108468
416478
704660
85812
650867
906517
906956
214963
306716
679368
410404
644225
269707
774544
362208
506702
672506
537729
294801
968702
296047
795683
411877
427015
953187
659364
478529
802249
406717
22138
910584
608903
483956
168747
295471
819478
820673
331267
895017
94469
601587
586075
720090
968246
202377
450695
789689
622028
950548
474726
295089
113300
510884
395690
46812
972482
268308
443076
297874
13384
634163
195234
603794
114720
497828
327425
859806
348338
582829
725410
416587
720344
984375
732600
90132
731937
671308
195239
824079
64950
362489
594083
456297
127226
422370
213674
595240
171289
42691
965013
321271
396198
328035
594697
435264
154704
28637
713344
163236
263952
994944
803134
707786
162777
38103
195478
552321
70596
437999
751212
876524
180065
62156
157863
856271
947379
330072
955045
328023
77027
600000
757838
620741
747211
196036
928437
601733
47876
286077
702221
140408
359216
178779
261076
776374
773729
503099
802700
797644
4967
66470
653447
118168
402399
595580
150704
554859
850729
745936
381045
440883
492402
671219
511873
508511
641599
706222
78184
760552
181916
158124
274347
822028
71702
351588
24572
918950
15926
936723
677277
896846
799622
296624
70450
76256
375431
733697
72388
345354
552901
277513
401616
925555
29791
837289
524949
847533
519948
531251
804881
44337
799758
27933
54483
589027
249200
452930
552903
227151
426125
205416
376255
988888
600423
661609
525526
77287
632757
94271
601820
894845
601443
557621
635134
173577
95557
472538
363264
345917
312342
910857
340602
889771
320257
912694
70281
232405
761572
931912
785828
993313
102273
863502
811137
57953
683855
931414
226965
456372
743690
191038
434154
807792
709959
114685
414736
979797
226442
513636
70050
913554
25687
483234
668930
326346
390531
221807
790290
2232
43177
618827
988080
639433
283240
213128
478345
375724
172391
834809
802824
529147
623601
398859
271753
282805
562701
625268
391452
753702
35589
694522
535658
971435
773413
80328
749120
8520
83250
421822
755195
533099
242775
532781
284668
822095
484519
522252
721559
494126
492029
378214
891054
401425
85960
528081
301551
66597
913712
620428
782479
167903
318253
519687
836868
282819
679753
779569
721838
631921
788544
402341
573839
811916
468511
291650
538550
67064
396705
393472
641159
838878
75842
591009
9319
894744
470906
596153
544715
651773
175974
56728
354922
680552
84307
108265
827711
752560
629588
5935
588622
921315
624698
906437
700901
944176
606403
655464
682819
535224
785461
896233
457209
410429
609692
749412
968942
49960
142332
893197
383230
957644
823430
777703
253536
696790
263061
48143
337095
570640
170656
133749
263212
2008
727138
54653
537306
765765
53104
161201
85233
43666
358129
467942
870908
294279
854235
194026
165771
675682
562772
436668
943951
773446
960218
931291
786202
446068
317599
943118
511409
465191
711660
465863
374300
989640
486718
377160
94582
163258
827414
930191
986989
769744
896423
323668
540994
569957
717723
945562
492905
201202
187662
722907
539188
159396
823199
684067
732927
162458
790695
510048
38336
687774
710643
470615
162925
493492
640846
564177
493993
777528
302196
290494
66385
410267
50642
292203
151584
38983
28176
57041
638376
963224
222331
647659
46156
355632
443109
799800
399249
172989
578931
493969
364453
62484
962264
279107
808800
483532
895526
368514
943286
31427
17373
514655
9874
48839
653668
139271
276227
304550
83134
611451
523423
960727
580336
327691
554149
496183
790754
983465
590908
284590
792828
765499
361601
619577
33730
434260
75466
103705
132260
950690
461949
618806
941171
626766
246025
511703
640663
531509
20131
10457
194042
255236
46008
195182
392271
198072
166754
745692
530631
143735
38809
391825
152398
851729
407511
253807
875054
343982
456033
401400
403438
60704
532334
866028
8815
776549
364740
162216
221389
403688
992859
659079
289276
664067
426286
972452
21598
559753
787034
197846
952974
253968
903183
7493
855647
865120
32484
437663
75980
717263
692988
708676
539383
474230
918600
866775
68954
576719
829565
878999
637570
502367
533606
812800
119957
128744
429564
874323
477785
128242
172715
332563
31908
266655
662794
969895
982970
866841
603908
291840
453261
354247
349383
227422
256857
778324
970080
984303
251364
550242
336843
353322
514262
497955
835099
842638
286041
15854
655967
912456
607055
995048
995699
965275
995466
458377
275469
923773
424131
337507
240630
853345
185264
673570
169752
932233
933030
478449
782788
888048
870665
135850
787626
699908
741125
400063
91966
420862
901785
15717
252922
113910
283888
386116
31978
760986
631650
734594
767146
518885
169311
248724
312621
698368
167256
273090
258321
963239
77237
762664
680370
467807
949588
420537
387716
546811
139593
857303
662057
526414
459636
352797
89464
508746
497213
882792
795643
669042
837643
782088
492849
635311
240363
268493
622369
887315
254171
726197
13554
571957
151530
709756
552749
664931
334277
809854
843057
21712
221049
346312
222087
943849
669388
697912
512149
174314
225548
613701
747334
733479
987628
125189
175601
757826
19621
834649
103086
221545
380087
921336
445474
680383
184240
627781
338941
108594
126201
670941
104124
95267
218602
337696
462857
148494
842696
81200
881849
542015
302301
488378
613764
245553
613543
963425
4090
777197
592161
205649
714214
998951
362640
708403
236284
336991
990064
166377
335623
288182
980798
274470
52694
76732
46591
484655
139937
170407
827147
154127
545866
331406
293822
114923
173828
324830
908936
165733
255375
515688
519901
872689
949135
455386
983712
961226
170819
931337
681099
403513
664481
569153
326734
671610
919217
655983
637480
945324
159974
410150
328502
503683
268033
31076
544875
430687
950675
463292
239837
671479
27981
393670
187084
31581
107019
539201
372709
530159
684392
243054
9683
381161
961080
647486
703629
667739
440089
27138
568783
104210
371655
773397
131164
933721
734668
729717
900103
89631
936971
230814
355874
918599
111440
861722
949188
529986
670455
455340
335151
200362
126658
67447
534243
284341
70851
745337
607971
653839
618038
635339
799829
971386
823043
133953
796985
611200
155427
829323
307418
755890
201246
782382
858993
377448
500866
857828
814806
479630
385809
697333
96615
603167
607150
666374
22600
864637
752831
759898
39050
474431
537006
921321
71339
844113
833104
409628
117083
632230
310675
727284
965811
836784
476370
14477
964108
841505
616066
189950
166135
660178
487390
652002
809616
931373
273190
749453
693365
96559
722364
984292
244666
667450
100216
274844
785742
722552
895476
736128
140193
281018
990954
730086
798332
221174
532464
979799
708153
851096
799827
4555
880714
537550
22555
34411
578455
581781
658312
460718
819825
767506
559248
117895
810054
177649
21041
219214
205044
416769
186909
465860
114491
360708
241027
754650
540267
478297
786438
113410
626557
154936
530470
730559
822584
675560
767437
336276
580113
532816
154583
77946
786909
751967
536824
506442
636826
996147
918010
61360
652894
572473
531179
306497
668630
770350
797381
791550
795011
824866
465521
577166
240387
403777
436449
982801
626998
690593
458485
508188
185501
204271
449054
955887
610297
59448
148187
692826
297070
17998
745069
369417
143784
255228
248647
416349
643220
77629
815917
906955
285576
235604
172510
72505
613607
465144
23160
75931
60420
271851
400502
259532
107421
417391
353166
43598
910222
251400
487170
187709
239080
602936
130327
925051
173736
649699
922302
497553
328045
373219
797821
313451
838055
528594
905078
900858
709287
869380
540940
488305
330814
209344
373317
111040
655657
699708
858758
511124
534069
927830
47133
672327
832540
994266
31917
621576
731575
897057
594592
106264
663503
653850
378824
633151
37502
923102
93668
127804
168867
488656
963848
864986
472541
875491
653642
5508
946535
995618
216069
861222
96438
757228
439154
226687
340564
867475
628888
103345
471063
349953
624387
21264
238495
234496
842259
806877
818193
44869
649875
557254
170979
282468
376451
379929
435153
179419
489720
422331
150466
923711
826485
523981
620653
335532
828866
311223
935498
360355
642305
876449
250787
714980
597408
170524
118788
777461
259790
777826
317053
199071
136083
417433
384244
688249
346493
11723
829969
592818
510530
464658
159930
269339
280044
260032
316250
508003
667179
711102
563448
695436
181334
13584
729504
861985
133603
3458
750803
118707
235861
269646
186750
950406
217371
832944
325833
141414
451804
197819
138906
349836
604357
674136
538972
655959
217409
683990
418824
775153
572344
591812
777097
180378
875666
541688
905668
832171
421043
845065
518123
709358
553381
375503
503881
313403
985376
772197
516116
112487
695712
285892
488401
983708
108345
493225
607375
530331
913031
620950
979417
457275
408300
71728
677322
154061
146842
913560
192767
109159
895363
277625
39516
134321
569987
321892
953081
472173
588295
574030
794327
928634
864286
12462
687504
740305
501497
705287
469413
767994
506393
423196
376081
267334
851953
477447
728824
242411
613148
997636
790953
66527
844775
380391
402067
383857
914368
538623
902918
701307
624298
196221
478845
528653
693687
667046
575449
450685
922257
748964
608495
304911
929029
450608
179288
343803
300067
182665
388970
810038
202657
178300
336432
255024
5422
392358
192751
443428
692962
733206
900388
26975
594349
194421
181030
625281
872643
349683
853103
184416
477423
154112
263884
593501
258197
327362
549552
531705
482279
499446
72685
682691
470367
70639
748589
163254
676732
164802
324666
924495
473818
327740
250156
652882
127107
675949
623974
916438
25929
208318
434277
352578
869444
950826
464640
76975
370947
60686
811083
895947
810332
651951
393694
134139
6875
639308
641561
902991
323837
333621
546219
809372
692391
710143
816299
367758
147181
835049
940097
31843
900481
770672
937324
135953
638231
633486
933316
224720
641618
582022
503290
798944
708145
79817
60212
89509
723563
603134
326873
86948
109546
309471
551065
235126
89205
708393
101680
47279
120430
896177
84125
251556
43380
933762
689538
415136
825798
863648
518680
19054
61928
919511
146017
974533
536373
620437
320950
62880
210398
857481
462995
852031
364219
630880
696944
794386
279144
582401
763495
72089
997369
319824
733785
507653
408281
855671
955129
628990
426246
785410
796360
629653
520379
449315
257602
951444
374704
296509
254272
281559
820261
263737
596482
849074
369062
850217
119057
176403
570387
361253
431807
26831
343420
798559
462065
554633
32782
276277
990223
207471
597066
655055
611170
149095
990680
758978
805561
616881
300631
889987
783370
829190
380266
668039
336845
487527
360461
934565
634535
212406
849573
746060
36228
520403
670320
217946
80156
318889
64115
665036
526823
432643
782568
380858
291235
434335
655721
574673
145752
748851
721553
461640
436587
761845
198990
879816
693316
66105
988547
326506
244360
451971
745096
785957
683744
330458
849562
405736
32755
813523
108816
308053
5770
843769
349943
132976
526356
183880
559678
25808
749328
875846
197965
175655
298209
553249
795057
171266
911102
297821
892672
330624
367493
729465
856277
243346
455570
400806
500137
734706
379020
215166
41567
797675
584733
315119
814097
617783
477468
278083
353512
939469
110366
669340
724277
511189
224069
577220
870135
735036
201402
696225
534697
431544
957089
748662
214508
127839
35456
729507
965818
826336
205997
815390
44121
276521
172810
358317
788986
525954
852619
132378
685546
790654
61957
487076
539131
929600
846979
543692
540293
206122
999883
715728
190224
667871
150737
512679
851491
175923
689701
495993
219274
319465
164712
249627
667503
479551
897284
616159
398460
416535
480818
271048
672329
671446
636502
443323
517367
862031
117210
345471
942872
172024
317974
410609
210851
828162
460178
866444
589034
740111
441914
583869
461522
179919
321857
937543
409832
101750
587902
117057
770587
20437
911359
160032
193127
97660
729983
170555
93094
955296
268372
908923
383033
400626
11482
743323
770938
796326
280837
266307
126612
483936
337420
584983
305944
900676
731290
771603
272390
457019
609783
185773
425941
457397
363493
24830
863229
175547
791666
277974
423013
255019
914111
766371
53495
381366
128271
227267
844225
290327
774946
55413
458876
877195
368542
59245
924905
963985
486453
318534
680990
613401
219227
465679
924795
56326
804936
635370
886986
773344
474834
299497
269571
967400
387015
584229
865986
739627
657701
316346
512874
401338
950530
374285
394737
613744
572767
554326
179043
92173
12247
886658
918468
703417
977325
838998
966926
919842
551165
926811
187977
44624
897946
493075
946078
520246
836338
386490
141079
867646
572520
170908
239077
781988
64039
862055
352219
589740
382503
395870
423684
822029
570088
509582
90554
546015
939091
928326
767966
344359
594417
779709
483339
658246
956337
322413
667631
609443
64463
781643
990585
185001
220193
998717
416485
897753
233968
215591
303849
184951
370728
860785
491594
302717
209031
517404
468488
225020
738807
803904
58036
578025
196938
825693
59242
388001
489795
424564
723985
858355
746132
261155
481207
44858
521138
663971
824723
172226
42474
738980
57593
241453
864630
466590
31269
176191
792137
343983
536276
343847
434634
177368
963268
908243
334769
551414
779845
277552
79005
880909
79352
874936
997325
723325
520072
600325
242588
451832
734369
720817
329722
460574
240192
605829
506698
126019
420738
315285
178701
228811
157040
522700
543841
159371
126544
730517
493393
150177
857172
222247
789097
802820
346143
97595
519607
957105
797127
113964
579049
398466
333099
617899
97796
830500
960927
550459
654575
855220
554635
828217
752686
59244
532814
982836
28470
912053
164092
769986
44223
551195
74386
307804
84583
510501
324066
460661
122714
985298
381593
86344
531149
721274
445563
288956
507969
943272
242304
192482
601806
765166
301518
755732
664190
94076
530545
221624
673901
411227
972550
994344
239784
838578
841333
137047
698081
651792
949001
364871
722083
519248
167467
449206
617988
117103
892692
85143
966853
705930
213706
567750
764871
51719
342748
711049
22007
830045
308080
988666
163662
900366
556212
489306
448926
541284
934409
271697
278392
313867
295254
367108
490394
36250
971195
994321
520970
845063
757459
726016
295439
937404
759913
797203
680377
316020
65692
824111
230480
253410
198824
871885
323548
676814
209805
328145
866061
678331
77718
646077
734193
377457
382917
1424
700235
609539
732843
597104
418986
861417
38255
870272
633522
752760
257513
916552
864719
802831
784208
669701
568738
762090
705340
226673
493577
666412
948079
825707
64085
740014
409427
943801
505965
339331
604093
509952
62765
510642
197040
589913
702255
176667
916170
315449
412591
298781
559806
337151
656905
966165
61901
775218
150218
607392
993645
693960
561300
375424
469420
272462
934374
854799
92690
649373
312350
650097
4860
941233
267038
922125
585226
753131
929045
100903
69240
549395
447681
408603
361334
23888
176626
731972
419479
117753
462326
101691
12770
8277
450240
672418
18930
556893
604371
890184
704958
257536
873076
614656
790591
730698
554153
373632
916118
220584
170880
801319
141722
188585
336091
302603
187078
371042
292651
702698
53897
8871
248854
235619
726472
807
285712
31830
972715
699065
516069
241467
571061
992831
288686
914969
481881
508207
578910
386331
819338
271527
833774
244023
827642
924721
558085
789478
470543
727476
103522
572345
169444
833841
505369
693599
320359
160962
567004
16407
866052
284370
844599
300750
668818
18013
279555
20125
8182
201100
61399
81121
831730
628756
365486
209514
644199
354673
171298
760323
757918
825868
969927
590438
758347
810990
496681
178112
355443
92778
6942
375149
675873
58722
680840
736955
785895
779878
975703
533537
354163
119293
403060
492749
186952
28623
905417
804633
377705
911822
676603
450715
382340
134500
117148
433221
614775
127057
987666
344071
427212
997187
499572
906091
51253
845362
753062
541312
415585
652698
405123
858240
512918
336892
227099
95418
294882
174273
432495
60869
623252
681760
443411
803412
746562
643628
416108
157730
813186
125215
151457
980509
440969
162782
700637
357532
934852
905954
413584
372494
320742
205261
333157
576282
339379
407309
294707
887596
214181
79803
810202
849241
629915
923858
164070
526848
590054
197616
705543
74268
56752
941831
967738
896242
899656
937659
500755
857516
513465
518344
2649
649042
614986
725855
378174
510293
712858
983637
522397
838549
585775
986863
325514
780333
658483
661972
105506
737939
471362
295520
937316
845218
207836
299425
734755
517570
683737
626830
679357
465929
54075
790009
932601
410354
234383
720459
33908
890648
364300
657743
332243
820099
126495
44752
138569
134598
844404
528025
774215
40576
858568
643678
158591
329628
88828
886298
997587
641851
261197
93130
302395
191211
121703
469131
380424
296130
236405
911036
778142
574575
807751
608752
822224
221409
112155
480017
711534
618447
870261
951392
196640
477059
469312
369860
697809
366985
964323
272454
950740
492526
80323
530531
191154
201053
987316
749250
301888
13241
18509
88776
899168
141993
560798
836185
17191
985405
803141
907359
813090
492648
793084
456868
323210
818837
741053
306210
100398
497522
790342
450653
323313
909468
44695
657219
789501
445161
384127
574623
866770
128199
108677
949362
46273
484584
999942
446978
786534
162758
644583
481690
149427
504374
126955
309489
560840
553447
892510
116537
903701
323737
60449
744692
408959
929925
650672
346702
805708
15111
456828
712860
794259
714374
408551
526045
365211
415412
699410
458742
839952
521523
733368
943904
439047
818896
7520
411575
7898
240337
968484
734664
141845
99587
641031
15431
246407
850098
742382
966670
423468
314565
188082
603126
689604
975204
927929
257443
258888
353233
629732
109345
145410
882713
52844
713122
266444
622553
227332
959494
716182
773896
821607
384156
947593
133987
559373
313909
648802
854542
543273
699835
349452
83735
1563
220491
957720
428353
866765
586450
48318
928828
201381
688813
505010
812970
502572
198291
610306
537778
132196
843843
832800
137906
86855
463305
557400
593763
800030
583937
515333
949154
833028
993981
340061
303624
133837
905185
333259
195929
760581
790393
911749
451536
234442
159539
816738
486962
892412
289755
523436
279211
331964
614191
41112
30147
423434
249337
457643
447915
221948
947094
554912
916401
209664
824048
534220
962220
809015
191530
876038
591821
97596
126210
317739
456488
677290
523741
13766
160791
725444
746028
853011
942237
565138
820381
786654
860420
46725
968795
192923
56910
739466
958014
676325
151556
418571
420442
336940
607574
267068
368836
556673
968428
588311
112920
662530
521072
705926
591238
982058
688630
968616
66081
585483
139723
54632
148301
229672
410684
178415
198756
140918
990931
647764
691915
294481
810970
646725
130833
445645
566704
67432
598820
101075
989693
998126
214218
398954
36224
336430
714472
18604
409246
273668
888939
23495
526900
311350
849154
305934
301792
1161
157133
538258
666693
928433
725231
997753
400303
866731
947489
305881
118690
525003
771694
472682
835630
93766
983119
199397
480834
355763
648612
404717
131504
674221
478047
209418
945438
1577
9048
646633
371034
959778
459397
922876
295051
317782
460746
585780
914153
424922
828773
973781
342524
341080
18839
309830
183840
356362
866091
391372
641909
540586
4957
701602
111720
872783
718270
822322
565244
983837
65133
63151
922537
611161
184106
298449
165932
856544
417125
226920
888790
805205
376522
957226
914568
406480
36810
206856
741182
277431
35211
166353
613162
758282
276488
749751
324095
606590
66293
261287
648810
693348
739535
325687
70360
779593
651416
122687
133198
171227
190615
778759
374558
834486
937820
18730
69398
373425
542531
377319
749012
738640
547910
781491
21129
212485
206619
602602
950224
437863
364809
459314
680818
381043
838596
867843
989701
757981
814333
398351
265338
841110
817
618130
552378
107883
924490
678087
425261
262696
784630
438027
871780
865424
343507
719131
685899
293689
45570
625179
420579
803198
570604
401506
638233
639117
720992
610461
291742
254189
47527
235436
509075
152560
983934
842824
830667
700978
603171
592392
932265
539339
945706
236012
785749
920335
129035
619974
582844
949787
301418
167546
468269
156125
903158
359023
511113
186875
709394
732914
193704
4395
14719
995224
755569
466086
851865
124078
254293
421346
578308
751746
17775
18985
918673
104908
459902
612569
553637
408125
155971
84433
515927
912731
262384
108916
654723
475073
177935
978233
109759
606393
356762
343203
988178
680883
91832
1209
242003
293765
274611
877051
413095
443815
407676
97107
689148
401706
318656
452408
977113
509024
678228
654871
109145
769728
711147
726359
795501
745047
100656
781330
597573
673998
601919
141888
73960
417107
626914
803339
207187
53908
832507
535777
467199
521345
766694
595101
12689
217303
689917
994232
882751
654981
647979
558901
91220
809102
264272
493950
982665
103680
915194
923474
185893
346423
886512
168438
129995
146855
612168
448256
990330
642037
200350
785857
187488
447274
432717
160669
602634
257575
991774
955715
253324
307239
643240
141669
922246
771162
305725
814765
866839
979070
811360
291093
454272
625531
815736
292912
936201
142802
251586
528040
941208
84603
829543
732755
550604
674201
953880
377944
897840
177597
811108
434355
681396
690727
357269
411936
158440
870733
434459
873363
871725
171557
836051
93368
639238
275151
129178
106291
412999
478057
602704
394695
21372
977912
225894
358822
676423
553926
648750
962664
388957
785689
909253
124695
406502
816988
808647
951059
44028
767777
562393
340520
279426
268203
874547
601766
541579
327405
44868
478724
544423
470660
756714
536600
885816
202320
272136
147868
217832
148657
104508
345904
979307
10419
504785
46465
220872
391324
876962
760307
142288
101077
97035
6579
216642
392498
152205
519035
975844
614955
836174
344884
110042
471352
341125
589553
265395
289513
517947
626815
260354
122189
803403
794741
49168
427177
989175
452004
672089
443951
670189
460530
812359
921415
413147
543664
661810
987769
329446
779955
129000
312085
866795
197723
132838
25219
945319
481431
270386
104728
385277
66169
508877
923009
973090
925266
947667
221731
722454
584166
111242
744731
335483
352131
653693
880309
76837
206970
329321
216107
841656
498879
410537
827052
842636
428060
502713
841677
491802
510589
564918
321248
395448
219252
683370
600022
730041
643359
559650
181647
377174
935908
74011
243580
893771
734073
61226
954083
669344
303738
236394
726773
24579
469964
576843
596519
165132
26567
242852
664375
251242
299908
641238
384622
263183
688812
559225
228845
690412
468442
36731
835667
98408
479774
395472
116542
516155
515321
637353
432378
396675
656164
813237
900665
368001
128143
797149
961116
306143
839961
306014
177212
800835
140954
551011
527115
329251
360391
947931
645694
965177
694638
738056
889008
549151
69909
132761
332035
545115
180326
156126
496941
671424
914397
633869
948077
576643
461136
439224
160728
481969
927887
432337
586317
313745
258545
43648
85928
857108
132470
423003
314349
915245
690377
718790
26450
790876
656910
847218
901639
447844
827937
232837
11262
948389
883670
376726
681298
363252
558467
686374
216913
178524
4604
325547
196601
975553
18903
224093
535302
252513
539332
880570
665224
295043
458694
725689
889348
308204
826048
896249
280505
605149
478284
55162
730780
3662
530196
15093
771232
886031
107944
731453
196517
806196
690148
843689
387600
34940
409988
186598
635479
474566
476364
491257
992574
117805
105717
496686
86929
21106
949169
679704
709494
416091
837434
266548
742754
568045
927873
83083
666024
354459
92201
998511
291728
655299
294782
524516
823725
50847
410972
161782
91971
652231
979861
13338
155831
771854
795897
885676
580924
832180
823261
399528
624709
612127
583602
679202
601447
498209
282023
27817
494160
965499
810826
760010
595373
376744
214923
920487
572919
520831
456184
299330
574372
277925
736124
482878
714630
191288
120762
956957
328886
471701
185203
974691
2523
404082
524667
809578
850335
99660
548936
365216
794818
755481
40942
762226
581526
673267
27106
149504
18053
469860
420310
327273
456878
856723
424488
574172
213645
693793
246683
13652
272829
992979
233016
497990
788940
515645
509304
437622
931719
936116
945985
370144
470588
659944
368691
626213
329165
615040
683541
206706
196116
862189
518126
840768
142599
595631
433029
825352
98124
179422
474539
849485
718982
999217
95821
165697
238935
439929
303733
164635
645186
980747
688424
284358
441787
134329
514485
981837
149375
948013
691982
815165
45397
661135
591198
922977
39213
337804
873884
934980
245788
979124
23957
900723
809211
683550
94519
460338
460870
548700
870590
484557
319336
904416
762419
623923
893651
768603
779081
36337
595990
733279
714546
274261
907898
327400
60223
402053
648931
708254
770517
774916
814244
36875
632273
240624
159830
615475
426260
350609
565350
291921
834879
541238
180753
180462
843245
274116
817923
576710
281849
232826
898854
291113
812567
487811
736095
121798
268031
953092
692167
266300
495912
404328
194892
519053
296918
857333
121373
252928
836697
730595
844674
206737
973778
643237
922890
355005
660681
529261
187474
361695
502456
909646
494506
859034
337189
83939
287942
794895
560779
103276
185063
130480
517841
616538
770785
949038
538269
817887
270939
214436
984176
163953
675719
823997
764804
496685
572104
446916
540317
287893
717977
424156
397737
159412
576791
923819
686823
206001
154318
607583
256064
933490
502289
22544
113264
439974
568767
390940
591879
845881
305807
758912
653901
292683
433329
675022
835147
847053
196662
949203
29883
82820
154633
526701
879913
151736
614936
269550
395109
186489
781943
311179
845528
659857
100102
383252
503395
273779
340301
976727
38565
314426
390813
124528
87600
537323
662491
336210
300711
926060
732826
982706
138506
626131
815640
787212
142531
326617
150874
436906
135724
94775
800123
583119
524743
487812
53238
350840
937906
618338
707917
950793
859267
32898
965520
443476
184953
990293
421656
28751
183254
631424
622740
77999
29698
918777
577900
382059
365970
551066
157009
48051
145100
697342
217038
990386
141258
751696
548694
331794
981108
143947
223477
260917
44091
255675
801518
514709
789274
235172
235512
585529
711527
408817
79591
576523
101300
736509
717152
99560
710446
876212
907711
638339
653534
852953
660676
791123
73201
539213
112667
695174
641779
763038
677865
789305
379353
902685
894936
950384
71632
911393
246833
182656
116819
757061
503727
528905
915982
93885
659855
866697
625193
730406
341165
464529
628110
931843
716837
490391
746869
823799
825994
561134
898219
473321
246940
428152
536704
273097
126393
86703
602750
497229
780338
530193
509098
529704
783478
311903
518740
660462
968738
138555
809462
511612
745299
36770
279051
810433
614167
812393
299960
443148
656454
473846
473661
450958
307805
402499
283920
664983
17477
626492
790103
496926
7435
372657
810356
889996
757977
63680
250364
448495
250614
58841
222765
419488
670589
916003
498542
631369
128166
971952
794829
299602
475326
558896
748339
991984
602450
319750
333232
20227
235932
117697
629484
910540
258347
192129
643261
579871
379663
773362
615114
750808
245881
701556
565006
257855
786855
361440
727074
521079
580395
428821
755960
428467
268567
876672
744483
644359
352976
676597
343221
712480
395926
592966
526350
296164
356734
302342
155821
382173
225189
86593
632607
146517
615174
658250
715531
375588
158099
572884
213359
859463
874234
368723
213123
19465
491671
825384
642534
946019
89315
61697
265683
668310
502603
477079
754120
488320
578486
126759
487640
859988
402483
224822
310511
418298
770075
110490
291864
122195
137604
307745
743540
908941
202512
652080
567651
894577
525242
326158
950009
194724
313291
219228
678704
994143
53799
883231
376809
195977
601415
241567
979461
464044
780624
538264
353283
536355
762433
209626
407072
865582
962558
882410
277436
977991
300218
682741
75889
704873
323287
722831
734311
391580
88613
232725
558477
877919
983456
793630
54149
863635
297449
947452
972743
312162
32496
942281
808553
915272
372369
166571
121447
128055
1511
69195
203998
174410
91597
101412
85874
394920
742614
90402
267203
544719
356378
212695
346487
84966
165308
665127
441555
655590
867507
197368
966844
480215
475880
670048
766221
407691
719765
461639
798184
941888
990725
709125
305692
668051
496659
880782
44532
797955
264457
209397
135159
422637
855493
209866
380482
823339
348196
443827
599149
189007
923669
855933
957556
375305
835944
137465
349043
482566
726588
297278
203537
957044
176870
892313
453399
24490
912994
304434
481522
2960
805738
332774
956506
601364
472679
770919
471537
212430
801923
784648
306838
350565
848378
900353
711258
411609
771934
934835
731334
987675
70714
572952
564041
759191
476935
222
197017
341801
44850
441044
343617
960897
348983
675221
141346
541997
33831
200036
849457
148649
578271
322382
531797
593126
979423
40272
392584
761439
762551
987390
393736
395301
215775
627134
837783
36574
798030
660308
595633
674461
851520
657385
127004
392787
578269
288184
385210
438596
199380
831518
978787
627382
503697
503510
219196
314811
128629
978935
227911
678213
266869
932058
44419
13764
396033
886789
996898
949877
398330
37931
651379
841812
168431
282411
720506
432949
190900
741700
322154
960001
536247
907460
520018
890397
317578
148327
884466
109143
490787
103016
979123
716061
602534
247279
975488
406012
543904
575303
108204
592481
13895
956537
70447
453945
299545
26743
842941
886927
755275
677543
626401
656014
840890
371793
449920
243059
416505
289252
510179
715299
742024
915088
566250
174411
556816
152046
849054
166756
498689
679135
919249
623802
527913
902358
53443
366526
72561
420922
422260
565890
278221
58550
306684
81673
268124
400685
804961
45341
976302
15612
335982
101596
19509
666485
695482
86380
62462
772334
360976
148280
337019
934989
331745
396433
855832
226975
613165
696635
931392
494120
110687
32362
122192
414383
933078
556193
939291
762380
783349
394786
973323
194126
800716
293889
526187
518501
575264
957545
516865
589794
977522
989199
789031
565207
112144
682532
562549
914095
239306
18407
468992
904027
788404
109201
424981
454429
834718
526106
744650
110253
581972
500299
7439
457647
959962
859297
852839
741859
709436
448367
52295
37321
495034
547620
784475
506048
169164
457552
190737
785490
780867
844026
861142
447715
962745
964037
518899
405129
489310
184444
531741
496805
393492
587160
309233
529535
164751
164866
789967
387170
567407
621929
757791
662285
70390
571664
993591
574514
668878
714534
440265
518935
49496
948665
240568
281009
828253
357336
238691
158875
988398
245389
195404
574101
606421
774606
895371
450138
52925
8102
906640
506418
463489
241808
991752
659790
326738
119188
91609
296213
29723
246723
115720
234325
46229
269954
838119
515564
194429
785053
980133
92580
757389
672268
850910
984203
277854
391374
477767
866047
70209
286319
184780
942768
118052
290244
800184
776382
397318
291012
896399
858229
791026
743637
237982
270428
992198
628558
320733
250315
780211
326267
552045
950802
877573
591162
852049
369363
15441
896157
23961
565327
187112
222942
868829
522089
745415
397435
600686
679883
500651
398683
64557
760138
887061
61983
538358
362468
695870
752910
90224
626756
561179
199198
45731
855286
535826
179983
284391
782567
565982
438101
820793
996882
671801
364489
813756
111763
316579
554417
813531
348570
780818
484605
34850
171833
801809
632289
621307
992565
585792
375628
529915
87101
802566
7820
605610
703710
573622
30260
220748
681317
518970
796737
564030
603528
976923
16434
463431
712492
411539
602642
388193
708942
384256
585689
644974
653063
532296
177095
482963
866608
573354
223322
695784
102192
150792
744328
900485
597283
668474
990791
218743
65918
795793
974211
921308
842942
566699
614614
898715
588055
611543
524167
901295
708512
242740
169464
224139
976831
382292
939601
393360
253813
851062
565865
10110
851851
539050
541841
488591
3299
351330
500598
745489
836805
50839
966180
348109
113234
611744
849669
968894
188457
70306
882696
833540
978465
255967
962461
916433
829749
732622
118216
357590
538604
422898
230396
73771
252291
539600
925969
632787
174918
162255
941756
555570
726099
834877
254370
907461
268565
515997
914006
961629
754703
32206
202522
700630
691453
911301
930628
774036
377320
472290
277102
146975
480458
925610
243318
576589
697190
953041
832308
355286
422979
385741
599545
586448
141275
12167
182205
77480
108160
81053
568670
731458
499552
984468
602689
909382
77982
820244
976421
68320
898777
460342
932941
99812
174667
408997
50044
32072
805079
528278
303504
659936
712465
637001
508704
814833
689067
917881
141169
734382
91739
824897
63993
151920
479483
558689
933138
958757
956835
539125
912224
787737
913688
428011
87071
99148
461033
632972
108942
866653
72687
808588
245185
178827
659515
130812
601742
393093
378520
378561
191596
840629
520961
771811
307371
20335
805032
138178
379004
49899
586907
337406
374703
898922
594223
841647
723384
580591
775070
368995
280764
421362
233760
3432
98776
414820
844263
754273
320536
498737
511552
177320
357397
210068
931517
674955
10716
54182
736998
856177
624987
566365
433373
490551
517211
357180
457371
414256
771388
827045
530664
776398
939789
640071
951267
755632
456526
646218
999702
189091
40857
666270
106698
422532
542246
232116
314624
535395
742021
592681
201932
377928
398256
650696
402995
261537
47351
147008
990528
881011
150558
983766
159922
280656
760863
746502
203158
777115
143209
669850
329805
981939
121281
145698
601687
774303
185857
675755
878806
425244
474724
913901
947279
817579
157904
311372
59558
900377
715438
649800
298576
437317
193732
719346
620804
273017
922925
631773
846342
433382
409146
920994
747740
225866
514070
150060
212704
768774
514883
82689
514802
863951
436249
473594
937664
911558
912816
703298
249252
40728
558930
426159
674467
926003
237973
809076
989306
597327
225585
354128
870144
221657
294408
204973
631514
733332
884629
40519
80106
538287
839164
287197
11932
938917
734082
248862
739831
194307
356623
438783
940580
406413
949420
131888
448092
897968
408307
604793
552993
769269
79113
153834
947150
700141
261064
155075
320607
994145
839012
649404
152107
45218
726370
93541
919085
401561
361047
187382
470802
33444
438214
164803
831794
598748
934868
68246
248264
506253
418580
632200
861588
933290
818091
802049
440665
180506
504810
658958
410782
310589
495696
496403
561941
633096
682021
449271
368884
247643
294462
922745
419626
917751
270899
473585
495195
377158
389269
403019
207077
590630
745090
935352
151573
40483
781337
232212
119790
431485
604580
476794
828992
930316
830389
911077
973779
857843
873181
520194
591609
252250
330154
359484
672502
667781
404684
620286
902856
690087
829269
483047
104788
58159
539021
709796
787795
483383
293902
798600
871773
804825
90448
742702
43892
246926
110983
267260
591173
903267
767880
897732
470046
793203
641275
516875
306250
971022
781947
113570
550726
415687
522679
530987
879945
607489
340240
648893
133681
545894
643728
645399
680255
262241
986132
94131
642280
635377
133736
304019
460398
226375
521147
38455
839379
446516
57594
805127
745908
610530
962201
218457
552640
915489
531277
333670
728850
746933
738885
849673
349973
711988
548737
575910
154604
969209
651325
401007
266086
181730
528091
510556
326027
535679
312614
791276
733122
963356
914486
589460
842851
723742
513282
531488
391181
614594
68995
486820
748702
947983
997056
480517
964205
414330
335517
387478
678872
7255
6776
106907
853503
363182
462453
394717
931115
287331
786146
789801
477010
4500
712241
56072
927793
211405
518819
248448
912183
316989
998217
188790
64372
700858
67990
471900
244238
413632
863686
373296
414246
735183
512156
542092
826670
243806
745508
795840
533256
