210
222
399
645
807
817
904
1056
1161
1184
1209
1291
1413
1424
1465
1511
1563
1577
1605
1654
1708
2008
2092
2232
2281
2446
2513
2523
2624
2649
2918
2942
2960
2985
3243
3299
3432
3458
3662
3699
4068
4090
4236
4395
4500
4555
4604
4769
4860
4957
4967
5228
5229
5283
5403
5422
5508
5693
5770
5935
6028
6213
6239
6305
6497
6579
6735
6776
6792
6875
6942
6986
7255
7277
7435
7439
7493
7520
7626
7680
7762
7820
7854
7898
7947
7950
7996
8102
8182
8277
8291
8395
8520
8815
8871
8959
8994
9048
9319
9683
9689
9874
9913
10084
10110
10173
10262
10294
10419
10457
10716
11262
11411
11426
11482
11525
11723
11827
11932
12049
12167
12247
12407
12462
12476
12519
12528
12620
12689
12770
13133
13241
13338
13351
13384
13554
13584
13652
13685
13764
13766
13858
13892
13895
13967
14084
14178
14243
14284
14421
14447
14472
14477
14578
14606
14674
14719
14781
14789
14792
15093
15111
15213
15431
15441
15612
15633
15662
15717
15854
15926
15938
16190
16291
16308
16407
16434
16541
16663
16748
16763
16794
17029
17177
17191
17225
17279
17373
17447
17477
17673
17775
17953
17998
18013
18053
18074
18407
18427
18494
18509
18556
18562
18604
18730
18839
18903
18930
18985
19054
19344
19465
19509
19511
19528
19547
19575
19621
19827
19915
20032
20081
20125
20131
20227
20335
20411
20437
20748
20826
20972
21041
21106
21129
21264
21372
21521
21598
21712
22007
22138
22161
22544
22555
22591
22600
22685
22955
23037
23160
23495
23548
23674
23802
23886
23888
23957
23961
23965
24194
24472
24490
24572
24579
24830
24950
25133
25219
25330
25446
25687
25808
25927
25929
26430
26450
26567
26636
26743
26770
26831
26896
26975
27106
27138
27336
27347
27385
27817
27856
27933
27981
28042
28077
28136
28176
28252
28470
28605
28623
28637
28751
28947
29028
29128
29147
29257
29671
29698
29723
29791
29883
29986
30011
30061
30147
30260
30605
30641
30754
30908
30975
31076
31099
31235
31269
31401
31427
31581
31830
31843
31908
31917
31978
32072
32098
32206
32254
32362
32484
32496
32755
32782
32814
32898
32967
33095
33194
33206
33213
33326
33401
33444
33480
33730
33766
33769
33831
33908
33960
34013
34113
34266
34293
34411
34539
34559
34850
34940
34953
35165
35211
35345
35456
35492
35540
35589
35729
35967
36114
36219
36224
36228
36245
36250
36336
36337
36358
36359
36393
36574
36731
36756
36770
36810
36875
37000
37312
37321
37502
37625
37803
37835
37931
38103
38255
38336
38455
38565
38809
38851
38916
38983
39050
39053
39074
39201
39213
39259
39315
39516
39692
39736
39919
40105
40272
40312
40336
40469
40483
40519
40559
40576
40728
40733
40857
40942
41098
41112
41325
41567
41583
42054
42240
42474
42633
42691
43177
43306
43380
43545
43583
43592
43598
43648
43666
43774
43892
43978
44012
44028
44031
44091
44121
44223
44337
44411
44419
44532
44624
44695
44736
44752
44850
44858
44868
44869
44901
44908
45218
45341
45379
45393
45397
45446
45505
45570
45600
45649
45731
45906
46008
46036
46156
46229
46273
46445
46465
46474
46591
46725
46812
47076
47133
47279
47351
47527
47733
47756
47778
47833
47876
47957
48051
48143
48281
48284
48318
48839
48993
49024
49056
49168
49340
49369
49486
49496
49831
49899
49944
49960
50044
50146
50642
50668
50772
50788
50839
50847
50953
51023
51253
51529
51537
51623
51719
51736
52189
52242
52293
52295
52352
52584
52694
52844
52885
52925
53087
53104
53137
53238
53256
53443
53495
53568
53672
53799
53805
53897
53908
54075
54088
54149
54182
54215
54356
54483
54632
54653
54745
55162
55413
55483
55810
56072
56326
56406
56558
56728
56752
56803
56910
57041
57053
57298
57386
57586
57593
57594
57620
57953
57970
58036
58133
58159
58198
58234
58361
58550
58722
58753
58841
58925
58941
58961
59242
59244
59245
59443
59448
59558
59603
60212
60223
60261
60420
60449
60648
60686
60704
60869
61055
61062
61142
61226
61233
61360
61399
61401
61497
61697
61881
61901
61928
61957
61967
61983
62069
62150
62156
62260
62462
62484
62596
62645
62678
62752
62765
62880
62926
63103
63121
63127
63151
63397
63680
63748
63993
64039
64085
64115
64347
64372
64385
64463
64557
64659
64719
64861
64889
64950
65133
65181
65459
65692
65871
65880
65918
66025
66081
66105
66169
66293
66354
66385
66422
66470
66527
66597
67008
67064
67156
67210
67348
67432
67447
67764
67813
67990
68027
68208
68246
68282
68320
68381
68471
68607
68797
68864
68876
68954
68995
69195
69201
69240
69311
69398
69615
69714
69909
69928
70032
70050
70209
70220
70281
70306
70323
70347
70360
70390
70447
70450
70596
70639
70643
70714
70851
71149
71208
71339
71406
71632
71702
71728
71876
71958
72066
72088
72089
72162
72388
72505
72561
72685
72687
73003
73051
73201
73249
73292
73318
73771
73816
73960
73978
74004
74011
74066
74195
74268
74386
74893
75373
75466
75490
75595
75792
75842
75889
75931
75980
76002
76071
76081
76256
76395
76459
76732
76777
76837
76866
76975
77027
77237
77287
77466
77480
77484
77629
77718
77745
77946
77982
77999
78184
78970
79005
79053
79067
79108
79113
79252
79352
79591
79595
79723
79803
79817
79859
80031
80095
80106
80144
80156
80323
80328
80459
80574
81053
81121
81174
81200
81315
81343
81397
81506
81673
81692
81716
81956
82127
82655
82689
82812
82820
83083
83134
83250
83735
83800
83939
84125
84212
84280
84298
84307
84320
84433
84485
84583
84589
84603
84776
84809
84966
85014
85143
85233
85533
85581
85671
85750
85755
85764
85812
85839
85874
85928
85960
86107
86272
86288
86344
86345
86380
86495
86593
86682
86703
86855
86872
86929
86948
87028
87043
87071
87101
87600
87618
87766
87863
87939
88610
88613
88776
88828
89054
89112
89200
89205
89315
89437
89464
89509
89560
89631
89839
89896
90132
90224
90402
90448
90474
90554
90707
90753
90778
90890
90980
91195
91220
91243
91401
91404
91431
91597
91609
91638
91739
91832
91966
91971
92173
92201
92203
92580
92690
92778
92782
92879
93023
93094
93130
93338
93368
93468
93541
93647
93668
93684
93766
93774
93809
93885
93906
93944
94076
94131
94271
94385
94469
94490
94519
94559
94582
94775
95148
95267
95348
95418
95479
95552
95557
95821
95839
96272
96433
96438
96534
96559
96615
96704
96754
97035
97107
97153
97260
97520
97595
97596
97660
97796
97970
98124
98220
98264
98289
98408
98586
98776
98944
98990
99148
99560
99587
99660
99723
99812
99824
100102
100216
100292
100398
100402
100590
100638
100653
100656
100706
100717
100903
101003
101075
101077
101300
101372
101412
101513
101596
101680
101691
101747
101750
102081
102192
102204
102273
102347
102354
102815
103016
103018
103069
103086
103276
103345
103514
103522
103611
103680
103705
103714
103848
103950
104124
104210
104508
104615
104728
104788
104908
105421
105506
105555
105563
105623
105717
105740
105802
105894
106030
106109
106264
106291
106406
106479
106698
106907
107019
107421
107549
107661
107883
107897
107944
108048
108160
108204
108214
108223
108237
108265
108345
108364
108468
108594
108677
108699
108816
108868
108916
108942
109030
109068
109125
109143
109145
109159
109201
109319
109345
109394
109472
109546
109728
109759
110009
110042
110253
110366
110490
110501
110676
110687
110969
110983
111040
111146
111194
111242
111440
111720
111763
112144
112155
112487
112533
112667
112701
112743
112770
112838
112862
112903
112920
113234
113264
113300
113337
113410
113460
113497
113570
113910
113964
114365
114491
114516
114685
114720
114923
115078
115087
115120
115130
115347
115465
115480
115626
115720
116067
116167
116253
116378
116537
116542
116701
116735
116819
116873
116919
117057
117083
117103
117148
117210
117322
117406
117475
117697
117753
117781
117805
117837
117862
117895
118033
118052
118168
118216
118488
118690
118707
118788
118832
118901
119057
119128
119188
119293
119345
119468
119593
119709
119721
119722
119790
119872
119957
120061
120275
120283
120430
120633
120762
121034
121172
121281
121356
121368
121373
121447
121468
121570
121703
121733
121798
122134
122189
122192
122195
122687
122694
122714
123152
123350
123647
123747
124020
124057
124078
124458
124528
124695
124754
125153
125189
125215
125715
125763
125810
126019
126031
126201
126210
126312
126393
126403
126433
126463
126495
126544
126612
126622
126658
126759
126955
127004
127057
127107
127226
127429
127585
127655
127804
127839
127872
128055
128143
128155
128166
128199
128207
128242
128271
128322
128329
128490
128495
128629
128744
128909
129000
129035
129178
129266
129582
129795
129864
129995
130010
130208
130327
130446
130480
130495
130536
130812
130833
131164
131216
131280
131465
131504
131808
131888
131900
132086
132109
132196
132260
132320
132378
132470
132731
132740
132761
132838
132891
132904
132976
133142
133153
133198
133384
133497
133552
133555
133603
133675
133681
133736
133749
133837
133859
133893
133953
133987
134105
134114
134139
134321
134329
134454
134500
134598
135038
135159
135250
135422
135724
135850
135949
135953
136083
136167
136380
136414
136498
136756
136818
136908
137047
137274
137383
137465
137555
137604
137906
138178
138304
138379
138458
138466
138470
138483
138506
138555
138568
138569
138906
139077
139250
139271
139372
139593
139611
139651
139721
139723
139735
139937
140031
140038
140193
140408
140447
140623
140732
140785
140918
140954
141079
141169
141258
141275
141320
141346
141414
141556
141669
141722
141826
141845
141888
141993
142288
142321
142332
142422
142531
142599
142644
142701
142739
142802
143209
143436
143589
143735
143784
143843
143947
143959
144340
144673
144750
145100
145274
145379
145410
145421
145533
145596
145620
145625
145666
145698
145752
145833
145848
146017
146333
146517
146562
146727
146842
146855
146895
146975
147008
147181
147683
147695
147868
148187
148280
148301
148327
148494
148581
148649
148657
148677
148754
149095
149187
149375
149427
149504
149631
149802
149816
149886
150021
150039
150060
150177
150218
150252
150395
150466
150558
150704
150737
150792
150874
151092
151116
151318
151457
151530
151556
151573
151584
151736
151912
151920
151930
152022
152046
152107
152205
152398
152474
152560
153012
153177
153210
153355
153834
153873
153923
154061
154112
154126
154127
154318
154496
154502
154510
154518
154583
154604
154633
154704
154874
154936
155023
155075
155151
155427
155772
155788
155821
155831
155887
155971
156125
156126
156210
156732
156785
156813
157009
157040
157133
157205
157336
157428
157694
157714
157730
157863
157904
158099
158124
158267
158276
158440
158591
158875
158891
159130
159250
159371
159396
159412
159432
159487
159539
159767
159830
159841
159922
159930
159974
160032
160244
160273
160275
160448
160497
160669
160728
160751
160791
160962
161124
161135
161201
161287
161336
161675
161782
161888
162141
162216
162255
162458
162535
162582
162634
162758
162777
162782
162925
163025
163236
163254
163258
163596
163662
163698
163763
163953
163956
164012
164070
164076
164092
164128
164162
164330
164635
164660
164681
164712
164751
164802
164803
164866
164892
165132
165308
165398
165658
165697
165703
165733
165771
165859
165932
166007
166070
166135
166148
166353
166377
166384
166571
166754
166756
166872
167027
167073
167256
167298
167467
167543
167546
167683
167881
167903
167918
167965
168175
168236
168266
168376
168431
168438
168571
168747
168831
168837
168840
168867
168964
169164
169190
169209
169227
169311
169444
169464
169486
169752
169904
170264
170303
170407
170409
170469
170524
170555
170656
170705
170768
170819
170823
170880
170908
170979
170986
171227
171266
171289
171298
171339
171358
171557
171833
172024
172226
172227
172391
172510
172560
172650
172715
172810
172989
173577
173718
173736
173828
173902
174273
174313
174314
174410
174411
174533
174544
174558
174667
174918
175067
175335
175406
175547
175601
175655
175780
175832
175847
175902
175923
175974
176045
176068
176088
176095
176100
176191
176193
176230
176403
176626
176667
176699
176870
177072
177095
177198
177212
177320
177368
177597
177649
177816
177889
177935
178098
178112
178195
178278
178300
178415
178524
178701
178779
178827
178915
179007
179010
179043
179083
179174
179288
179325
179419
179422
179523
179525
179559
179919
179926
179983
180065
180326
180345
180378
180462
180506
180647
180687
180718
180753
181030
181334
181347
181434
181539
181635
181647
181730
181916
182191
182205
182462
182574
182616
182656
182665
183019
183207
183234
183254
183347
183840
183880
184021
184106
184110
184128
184240
184416
184444
184607
184698
184780
184951
184953
185001
185063
185203
185264
185501
185773
185857
185893
186154
186489
186598
186750
186875
186909
186952
187060
187078
187084
187112
187125
187307
187382
187406
187474
187488
187591
187662
187709
187774
187977
187993
188049
188082
188116
188226
188317
188457
188585
188592
188720
188790
188814
188870
189007
189091
189299
189459
189546
189653
189950
190111
190224
190456
190517
190615
190737
190900
190988
191038
191154
191211
191248
191263
191288
191530
191543
191577
191596
192129
192147
192359
192482
192751
192767
192923
192971
193127
193192
193704
193732
193960
193997
194026
194042
194126
194194
194221
194269
194307
194419
194421
194429
194724
194892
194957
194961
195106
195182
195234
195239
195404
195478
195763
195808
195929
195977
196036
196116
196221
196517
196520
196601
196640
196662
196894
196938
196999
197017
197040
197368
197588
197616
197723
197819
197846
197873
197888
197965
198036
198072
198291
198365
198601
198736
198756
198819
198824
198990
199071
199082
199083
199198
199380
199397
199465
199965
200032
200036
200350
200362
200600
200929
201053
201100
201202
201224
201246
201381
201382
201402
201468
201668
201876
201932
202034
202320
202377
202512
202522
202583
202620
202629
202657
202792
203158
203472
203537
203747
203762
203792
203842
203998
204038
204271
204718
204749
204973
204995
205044
205115
205121
205261
205336
205416
205439
205649
205714
205752
205922
205997
206001
206122
206204
206619
206706
206737
206757
206801
206807
206856
206970
206995
207041
207077
207168
207187
207293
207402
207446
207471
207687
207739
207834
207836
208064
208152
208252
208318
208893
209031
209326
209344
209397
209418
209514
209597
209626
209664
209791
209805
209866
210068
210342
210391
210398
210474
210851
210890
211233
211254
211405
212140
212348
212359
212406
212430
212485
212695
212704
212808
213026
213123
213128
213163
213336
213359
213401
213484
213626
213630
213645
213674
213706
213741
213747
213932
214016
214121
214181
214218
214339
214436
214508
214558
214759
214809
214916
214923
214963
215166
215340
215351
215395
215422
215532
215591
215695
215775
215927
216069
216107
216116
216407
216642
216913
216963
217028
217038
217207
217303
217371
217409
217495
217536
217622
217832
217888
217946
218279
218388
218457
218529
218602
218660
218666
218729
218743
218783
218966
219196
219207
219214
219227
219228
219252
219274
219497
219636
219884
220081
220098
220193
220268
220491
220584
220748
220872
221017
221049
221174
221389
221407
221409
221545
221624
221657
221731
221806
221807
221948
221954
222004
222087
222117
222247
222331
222544
222709
222751
222765
222809
222942
222943
223211
223270
223274
223322
223477
223783
224016
224045
224069
224093
224139
224323
224394
224720
224822
225020
225075
225133
225156
225189
225533
225548
225585
225866
225894
226375
226394
226442
226673
226687
226862
226901
226909
226920
226965
226975
227099
227144
227151
227190
227267
227309
227332
227422
227644
227825
227911
228162
228369
228811
228845
228900
229138
229159
229362
229380
229393
229402
229469
229480
229572
229672
229847
230000
230322
230396
230480
230487
230505
230510
230557
230814
230881
231250
231546
232116
232212
232222
232225
232316
232327
232392
232405
232509
232546
232581
232725
232752
232826
232836
232837
232838
232920
233016
233044
233107
233394
233436
233488
233760
233968
234032
234158
234325
234383
234406
234442
234496
234697
235111
235126
235172
235436
235512
235593
235604
235619
235749
235786
235861
235932
236012
236053
236284
236394
236405
237115
237133
237329
237570
237641
237663
237667
237772
237860
237961
237973
237982
238476
238495
238644
238691
238762
238849
238895
238935
239077
239080
239306
239311
239327
239410
239685
239722
239746
239750
239784
239837
240192
240215
240337
240363
240387
240568
240624
240630
240749
240805
241027
241033
241087
241453
241467
241511
241567
241715
241808
241818
241911
242003
242004
242118
242304
242315
242360
242411
242588
242740
242775
242780
242852
242906
243054
243059
243301
243318
243346
243580
243610
243751
243787
243806
244023
244081
244238
244360
244523
244612
244666
244694
245034
245185
245210
245284
245338
245343
245389
245492
245553
245788
245881
246025
246122
246407
246412
246521
246658
246683
246723
246813
246833
246889
246926
246940
247279
247283
247396
247643
248264
248327
248448
248647
248699
248724
248749
248854
248862
248915
249096
249100
249200
249218
249234
249252
249337
249471
249627
249628
249699
250070
250156
250228
250315
250364
250614
250787
250844
251192
251214
251235
251242
251364
251400
251541
251556
251586
251605
251858
251893
252015
252111
252232
252250
252291
252513
252613
252762
252922
252928
253042
253062
253081
253266
253324
253334
253410
253536
253734
253807
253813
253968
254155
254171
254189
254272
254293
254370
254556
254591
254594
255019
255024
255096
255228
255236
255375
255675
255967
256064
256074
256389
256485
256809
256843
256857
256943
257328
257443
257486
257513
257536
257575
257602
257823
257855
258197
258219
258313
258321
258347
258545
258888
259388
259532
259534
259708
259713
259773
259790
259933
260032
260162
260282
260354
260537
260667
260719
260917
261064
261076
261155
261197
261268
261287
261345
261537
261608
261633
261840
261975
262241
262362
262384
262400
262631
262696
262819
262909
263061
263183
263210
263212
263736
263737
263884
263952
263969
264251
264272
264281
264457
264682
264706
264781
265326
265338
265395
265636
265638
265683
265919
266086
266098
266115
266300
266307
266444
266548
266588
266655
266869
266940
267038
267048
267068
267164
267198
267203
267223
267260
267334
267632
267676
267886
267890
268016
268031
268033
268124
268203
268279
268308
268372
268493
268527
268565
268567
268990
269009
269135
269339
269550
269571
269646
269707
269954
270068
270385
270386
270428
270469
270537
270899
270939
271048
271527
271697
271753
271851
271949
272066
272136
272231
272262
272390
272448
272454
272462
272558
272593
272650
272658
272829
272951
273017
273090
273097
273190
273544
273548
273593
273668
273779
273870
274035
274116
274261
274280
274346
274347
274470
274521
274611
274844
275076
275151
275355
275454
275469
275575
275613
275667
275979
276227
276249
276277
276488
276521
276593
276950
276986
277102
277431
277436
277513
277552
277625
277821
277854
277919
277925
277974
278083
278194
278221
278392
278519
279023
279051
279107
279144
279170
279211
279426
279553
279555
279627
279690
279718
279924
279996
280044
280159
280430
280505
280656
280702
280764
280837
281009
281013
281018
281227
281466
281559
281668
281849
282023
282071
282233
282411
282468
282805
282819
283055
283240
283256
283305
283314
283346
283387
283407
283617
283643
283784
283888
283920
283990
284100
284125
284341
284358
284370
284391
284418
284567
284590
284668
284818
285062
285067
285204
285291
285369
285424
285442
285499
285576
285712
285787
285892
286041
286067
286077
286319
286369
286501
286549
286691
286927
287029
287197
287331
287572
287817
287893
287942
288182
288184
288188
288199
288265
288278
288686
288732
288813
288956
289001
289007
289252
289276
289300
289513
289555
289576
289580
289755
289833
289875
290164
290244
290327
290388
290494
290606
290687
290699
290778
290912
291012
291093
291113
291235
291438
291605
291620
291650
291728
291742
291766
291840
291864
291921
291951
292203
292252
292381
292478
292525
292638
292651
292683
292826
292912
292962
293336
293402
293524
293548
293618
293689
293702
293734
293765
293822
293889
293902
293915
294050
294279
294289
294408
294435
294462
294481
294707
294782
294801
294882
294885
295043
295047
295051
295089
295254
295439
295471
295520
295577
295737
295774
295817
295858
296047
296130
296162
296164
296213
296273
296371
296384
296509
296624
296755
296773
296918
296940
297006
297070
297278
297441
297449
297536
297662
297821
297862
297874
297904
298086
298172
298205
298209
298424
298449
298478
298576
298690
298696
298781
299215
299330
299425
299497
299545
299602
299624
299684
299718
299858
299908
299960
300067
300218
300631
300711
300714
300750
300844
300980
300989
300994
301039
301100
301106
301322
301336
301418
301518
301551
301682
301787
301792
301888
302105
302186
302196
302257
302301
302342
302395
302504
302603
302717
302732
302828
303237
303391
303479
303504
303624
303733
303738
303762
303849
304019
304416
304434
304550
304701
304911
305035
305075
305261
305692
305725
305761
305807
305881
305905
305934
305944
306014
306143
306147
306201
306210
306250
306314
306382
306476
306497
306684
306716
306838
307239
307363
307371
307418
307531
307745
307804
307805
307934
308053
308080
308204
308374
308470
308555
308767
309187
309233
309307
309316
309471
309489
309573
309604
309688
309830
309845
309850
309865
309915
310071
310161
310397
310398
310511
310589
310592
310674
310675
310796
310810
310841
311179
311223
311350
311362
311372
311410
311586
311903
312048
312085
312162
312292
312342
312350
312412
312593
312613
312614
312621
313078
313291
313403
313451
313530
313566
313745
313867
313909
313940
314081
314174
314349
314372
314426
314504
314565
314624
314811
315021
315119
315285
315358
315449
315508
315774
315786
316020
316090
316151
316194
316239
316250
316346
316465
316579
316713
316850
316870
316989
317010
317053
317521
317535
317566
317578
317597
317599
317683
317739
317782
317974
318021
318253
318320
318448
318534
318656
318889
318913
318952
319336
319415
319465
319600
319750
319824
319978
320085
320257
320275
320326
320359
320431
320536
320607
320689
320733
320742
320950
320989
320996
321044
321059
321087
321091
321248
321271
321744
321857
321879
321892
321956
322076
322154
322274
322280
322382
322413
322727
322792
322874
323210
323287
323313
323548
323668
323727
323737
323837
324015
324066
324095
324144
324190
324601
324666
324830
324842
324874
324876
324970
325075
325446
325458
325514
325520
325547
325687
325833
326027
326138
326158
326210
326267
326346
326506
326617
326644
326647
326734
326738
326745
326873
326933
326962
327016
327127
327273
327295
327303
327362
327400
327405
327425
327691
327740
327758
327848
328023
328026
328035
328045
328145
328262
328502
328752
328846
328886
329086
329165
329251
329321
329446
329575
329628
329673
329722
329805
330072
330154
330375
330424
330453
330458
330624
330814
331236
331267
331389
331406
331648
331721
331730
331745
331794
331921
331938
331964
332035
332055
332063
332243
332275
332414
332438
332452
332486
332563
332710
332774
333099
333157
333232
333234
333259
333565
333621
333670
333716
333792
334277
334363
334509
334642
334671
334769
334868
334900
335151
335342
335483
335517
335532
335623
335898
335904
335974
335982
335998
336091
336210
336218
336264
336276
336426
336430
336432
336704
336843
336845
336892
336940
336991
337019
337095
337151
337189
337314
337347
337406
337420
337507
337546
337580
337621
337681
337696
337735
337797
337804
337936
338120
338249
338474
338899
338941
339169
339182
339183
339265
339331
339379
339394
339444
339485
339525
339737
339740
339814
339923
339975
340061
340084
340204
340240
340288
340301
340357
340509
340520
340564
340588
340602
340704
341080
341092
341125
341165
341202
341220
341692
341757
341801
342050
342053
342464
342512
342524
342552
342698
342706
342748
342902
342973
343203
343221
343338
343420
343507
343566
343617
343747
343803
343847
343982
343983
344028
344071
344088
344359
344508
344661
344683
344884
344965
345158
345354
345409
345413
345471
345698
345904
345917
346143
346210
346312
346423
346487
346493
346702
346933
346985
347303
347339
347403
347510
347750
348014
348109
348196
348208
348338
348428
348511
348566
348570
348659
348678
348983
349042
349043
349186
349383
349452
349683
349813
349836
349943
349953
349973
350479
350504
350565
350592
350609
350687
350742
350786
350840
350995
351330
351423
351588
351788
351930
352024
352119
352131
352219
352232
352272
352280
352288
352578
352797
352808
352836
352976
353166
353233
353283
353304
353322
353371
353512
354068
354128
354163
354247
354317
354459
354673
354693
354695
354728
354922
354974
355005
355050
355185
355286
355372
355443
355632
355658
355763
355812
355874
355928
356060
356201
356362
356378
356402
356623
356641
356734
356762
357180
357269
357336
357397
357501
357524
357532
357590
358129
358317
358493
358711
358822
358881
359023
359189
359216
359462
359484
359603
359615
359723
359852
359908
360229
360355
360391
360424
360461
360708
360875
360976
361047
361253
361334
361350
361407
361440
361601
361695
361721
361727
361758
361786
361867
362028
362128
362208
362256
362468
362489
362591
362640
362671
362871
363182
363252
363264
363493
363880
363930
363947
364219
364300
364453
364489
364701
364740
364809
364871
365042
365211
365216
365276
365450
365486
365500
365640
365702
365765
365886
365895
365970
366356
366526
366622
366878
366890
366985
367108
367484
367493
367588
367621
367758
368001
368235
368328
368457
368514
368542
368564
368691
368723
368729
368823
368836
368884
368995
369062
369149
369363
369417
369493
369837
369860
369867
370018
370062
370144
370254
370566
370719
370728
370819
370947
370969
371030
371034
371042
371145
371252
371655
371793
371857
371858
372149
372306
372369
372422
372494
372579
372657
372709
373031
373145
373219
373296
373317
373322
373425
373432
373632
373653
373781
373915
373967
374076
374177
374285
374300
374505
374509
374558
374703
374704
374841
374953
374954
374965
375149
375305
375424
375431
375444
375447
375503
375588
375628
375724
375732
376081
376249
376255
376451
376522
376726
376744
376809
377089
377104
377158
377160
377174
377319
377320
377448
377457
377618
377667
377705
377785
377928
377944
378113
378174
378214
378454
378520
378561
378673
378824
379004
379020
379233
379349
379353
379429
379537
379663
379851
379917
379929
380087
380098
380266
380298
380305
380391
380424
380482
380536
380639
380766
380858
381043
381045
381161
381298
381366
381494
381593
382059
382173
382192
382292
382340
382354
382503
382636
382877
382917
383033
383086
383095
383108
383115
383230
383252
383372
383565
383857
384127
384135
384156
384165
384240
384244
384256
384373
384622
384703
384750
385023
385120
385210
385212
385277
385741
385809
386116
386218
386331
386490
386641
386659
386951
387015
387043
387123
387170
387412
387460
387478
387600
387703
387716
387875
388001
388132
388193
388507
388957
388970
389269
389853
389883
390047
390069
390511
390531
390813
390940
391181
391257
391324
391372
391374
391452
391523
391580
391764
391825
392018
392078
392268
392271
392358
392498
392584
392623
392787
392821
392849
393093
393103
393360
393472
393492
393570
393670
393694
393736
393817
393968
394695
394712
394716
394717
394737
394786
394920
395109
395159
395301
395448
395472
395560
395633
395690
395870
395900
395926
396033
396057
396063
396198
396284
396342
396433
396675
396703
396705
397318
397380
397435
397733
397737
397743
397753
397990
398131
398256
398330
398351
398460
398466
398683
398776
398830
398859
398954
398976
399121
399178
399208
399249
399309
399331
399525
399528
399600
399817
400063
400140
400174
400303
400426
400502
400587
400626
400685
400806
400836
400933
401007
401196
401338
401400
401425
401506
401561
401616
401706
401707
401790
402053
402067
402117
402162
402341
402372
402399
402445
402483
402499
402846
402995
403018
403019
403060
403207
403438
403513
403621
403688
403777
403802
403810
403973
404082
404285
404328
404684
404717
404837
404884
405048
405123
405129
405396
405736
405782
406012
406210
406254
406413
406480
406501
406502
406717
406932
407050
407072
407243
407248
407309
407310
407511
407676
407691
407804
408078
408125
408281
408300
408307
408321
408527
408551
408603
408729
408751
408817
408883
408894
408931
408959
408997
409146
409187
409225
409246
409312
409407
409427
409525
409628
409802
409832
409988
410066
410150
410267
410312
410354
410404
410429
410537
410609
410684
410782
410972
410987
411145
411227
411405
411539
411575
411608
411609
411659
411746
411829
411877
411936
411949
412097
412221
412233
412563
412591
412620
412652
412911
412965
412999
413095
413147
413329
413448
413564
413584
413632
413801
413919
413980
414009
414074
414131
414159
414190
414246
414256
414330
414349
414383
414591
414736
414820
415136
415178
415412
415471
415585
415687
415710
415770
415800
416091
416102
416108
416215
416349
416478
416485
416505
416535
416537
416558
416587
416607
416769
417107
417125
417170
417366
417391
417433
417681
418052
418298
418522
418571
418580
418824
418986
419479
419488
419494
419626
419721
420310
420314
420442
420449
420537
420579
420738
420854
420862
420922
420943
421043
421100
421197
421346
421352
421362
421579
421656
421822
422260
422331
422368
422370
422532
422578
422637
422657
422719
422838
422858
422863
422898
422979
423003
423005
423013
423168
423196
423298
423434
423468
423561
423603
423623
423684
423984
424131
424156
424452
424488
424564
424842
424922
424981
425016
425058
425234
425244
425261
425271
425367
425374
425395
425849
425941
426090
426125
426159
426246
426260
426286
426472
426639
426829
427015
427057
427177
427212
427513
427795
428011
428060
428070
428074
428152
428353
428412
428467
428477
428536
428553
428658
428821
429076
429166
429510
429564
429592
429650
429683
430111
430278
430354
430495
430687
430731
430789
430883
431092
431447
431485
431544
431613
431807
431843
432317
432325
432337
432378
432495
432643
432717
432822
432949
433029
433080
433221
433253
433270
433329
433373
433382
433404
433617
433727
434014
434154
434260
434277
434335
434355
434435
434439
434459
434634
434708
434739
435153
435264
435535
435808
435887
436249
436449
436587
436668
436906
437317
437422
437622
437663
437683
437800
437863
437999
438027
438072
438101
438214
438430
438535
438596
438783
438845
439029
439047
439051
439076
439132
439153
439154
439224
439466
439776
439929
439956
439974
440089
440265
440269
440481
440665
440682
440883
440917
440969
441044
441054
441061
441234
441510
441555
441750
441784
441787
441799
441914
441955
442040
442128
442275
442763
442894
443076
443109
443148
443278
443323
443411
443428
443476
443665
443734
443775
443815
443827
443951
444074
444195
444242
444434
444495
444622
444821
444907
445108
445161
445382
445400
445474
445494
445563
445645
445669
445829
445862
446068
446072
446184
446185
446194
446516
446745
446772
446916
446965
446978
447081
447174
447205
447274
447580
447604
447681
447715
447844
447897
447915
448092
448095
448168
448256
448341
448367
448415
448495
448586
448747
448926
449054
449061
449206
449271
449315
449333
449437
449562
449853
449920
450138
450240
450451
450608
450653
450664
450685
450695
450715
450921
450958
450965
450967
451253
451358
451363
451384
451465
451536
451804
451832
451971
452004
452174
452408
452437
452680
452853
452876
452930
452990
453143
453173
453261
453399
453566
453736
453941
453945
454272
454429
454475
454687
455173
455197
455340
455386
455451
455455
455518
455570
455651
455710
456009
456033
456095
456184
456288
456297
456372
456422
456472
456488
456526
456565
456828
456868
456878
456916
457019
457024
457209
457213
457275
457371
457397
457543
457552
457643
457647
457724
457800
457817
458097
458123
458377
458485
458612
458694
458742
458796
458876
459268
459298
459314
459321
459397
459509
459553
459636
459667
459848
459856
459902
459905
460012
460178
460338
460342
460355
460398
460530
460574
460661
460674
460718
460721
460746
460751
460870
461033
461064
461133
461136
461490
461522
461639
461640
461676
461949
462065
462069
462079
462326
462453
462579
462838
462857
462953
462995
463039
463292
463305
463429
463431
463489
463779
464040
464044
464145
464319
464392
464450
464529
464611
464625
464640
464658
465144
465191
465192
465380
465403
465521
465679
465734
465746
465860
465863
465929
466086
466365
466590
466598
466631
466759
466822
466894
467199
467216
467372
467670
467695
467807
467824
467835
467942
468001
468169
468178
468194
468269
468297
468417
468437
468442
468488
468511
468571
468629
468992
469131
469180
469312
469413
469420
469471
469579
469860
469964
470046
470136
470192
470296
470367
470543
470588
470615
470660
470802
470906
471063
471101
471351
471352
471362
471426
471537
471701
471799
471900
472173
472290
472530
472538
472541
472544
472551
472622
472679
472682
472931
473126
473321
473425
473585
473594
473622
473661
473818
473846
474230
474244
474281
474318
474431
474439
474539
474566
474724
474726
474771
474834
474865
474992
475073
475326
475407
475587
475880
475906
475940
476046
476054
476244
476364
476370
476524
476530
476565
476612
476794
476935
476980
477010
477059
477079
477132
477423
477447
477468
477683
477767
477785
477845
478047
478057
478254
478284
478297
478345
478403
478419
478449
478520
478529
478724
478778
478845
478880
479478
479483
479551
479580
479630
479774
479864
480017
480157
480174
480215
480458
480517
480540
480637
480714
480818
480834
480870
480969
480996
481207
481223
481236
481349
481431
481458
481467
481522
481595
481690
481760
481881
481926
481969
482061
482279
482363
482566
482676
482757
482774
482834
482878
482947
482963
483047
483072
483186
483234
483259
483328
483339
483383
483402
483532
483700
483715
483773
483936
483956
484154
484306
484519
484557
484584
484605
484655
484952
485629
485887
486453
486460
486718
486820
486962
487076
487170
487211
487390
487479
487512
487514
487527
487640
487811
487812
487888
488074
488274
488305
488320
488378
488401
488456
488513
488516
488572
488591
488656
488677
488701
488703
488808
489306
489310
489720
489795
489941
490187
490391
490392
490394
490551
490582
490587
490667
490787
490831
490916
490926
490927
490996
491257
491566
491594
491608
491671
491802
492029
492198
492402
492526
492528
492534
492568
492648
492672
492749
492849
492857
492905
493075
493127
493225
493274
493290
493393
493479
493492
493561
493577
493950
493969
493993
494120
494126
494160
494267
494438
494497
494504
494506
494672
494760
494777
494886
494935
494971
495034
495195
495308
495367
495429
495455
495539
495696
495817
495912
495993
496183
496403
496659
496681
496685
496686
496726
496805
496876
496926
496941
496992
497113
497213
497229
497415
497522
497553
497612
497619
497828
497912
497951
497955
497990
498086
498209
498300
498445
498512
498542
498689
498737
498879
499062
499319
499365
499391
499441
499446
499552
499572
500096
500110
500137
500299
500316
500431
500434
500598
500618
500651
500733
500755
500866
500963
501141
501497
501695
501697
502001
502072
502215
502238
502289
502296
502367
502425
502456
502493
502572
502603
502713
503082
503099
503266
503290
503395
503510
503523
503683
503697
503727
503881
504004
504019
504151
504206
504275
504374
504393
504495
504537
504694
504785
504800
504810
504846
504866
504891
504914
504993
505010
505310
505369
505676
505965
506048
506141
506253
506393
506418
506442
506557
506630
506698
506702
506956
507141
507534
507653
507899
507969
508003
508188
508207
508452
508494
508511
508543
508575
508601
508704
508734
508746
508877
508878
509007
509024
509036
509075
509098
509304
509582
509936
509952
510048
510179
510192
510293
510499
510501
510530
510556
510572
510589
510642
510772
510824
510884
510964
511091
511113
511124
511189
511258
511409
511552
511561
511612
511659
511703
511791
511837
511867
511873
512149
512156
512504
512533
512679
512874
512918
513076
513282
513465
513636
514011
514070
514146
514262
514485
514644
514655
514709
514751
514802
514883
515237
515321
515333
515564
515645
515688
515855
515927
515997
516069
516116
516155
516774
516865
516875
516890
516995
517023
517176
517211
517257
517367
517404
517503
517570
517622
517787
517841
517947
518123
518126
518179
518209
518226
518273
518344
518487
518501
518614
518680
518740
518761
518819
518885
518899
518935
518970
519035
519053
519196
519217
519248
519346
519435
519607
519651
519687
519722
519901
519948
519958
519999
520018
520072
520168
520194
520246
520262
520379
520403
520501
520650
520667
520831
520961
520970
521072
521079
521138
521147
521345
521405
521484
521523
521590
522089
522252
522345
522397
522679
522700
522802
523293
523423
523436
523440
523741
523981
524070
524167
524323
524325
524458
524509
524516
524667
524743
524798
524949
525003
525042
525242
525277
525329
525417
525507
525526
525813
525924
525954
526045
526106
526187
526235
526273
526303
526350
526356
526414
526491
526564
526701
526737
526823
526848
526864
526879
526900
527053
527115
527356
527418
527906
527913
528025
528040
528081
528091
528278
528360
528369
528594
528653
528905
528938
528980
529147
529261
529535
529704
529860
529915
529986
529996
530140
530159
530193
530196
530314
530331
530470
530531
530545
530631
530664
530929
530987
531149
531179
531205
531251
531277
531488
531509
531705
531741
531761
531797
531868
532296
532298
532334
532464
532781
532814
532816
533099
533122
533139
533256
533352
533423
533537
533606
533958
534050
534069
534220
534243
534257
534697
534784
535074
535224
535302
535395
535518
535658
535679
535777
535826
535923
535971
536191
536247
536276
536355
536373
536600
536704
536824
536875
536899
537006
537214
537223
537306
537323
537421
537550
537729
537778
538258
538264
538269
538287
538358
538399
538550
538604
538623
538801
538809
538972
539021
539026
539050
539125
539131
539188
539201
539213
539240
539243
539332
539339
539383
539600
539694
539761
539897
539915
540267
540281
540293
540317
540586
540767
540940
540994
541013
541083
541097
541238
541284
541312
541380
541388
541579
541688
541778
541841
541971
541997
542015
542092
542134
542178
542246
542360
542531
542599
542788
543273
543336
543664
543692
543698
543841
543904
544103
544138
544360
544423
544715
544719
544748
544757
544875
544981
545034
545115
545218
545806
545866
545894
546002
546015
546219
546445
546580
546811
547191
547200
547292
547343
547620
547813
547827
547830
547910
548118
548349
548694
548700
548737
548752
548811
548891
548936
549129
549151
549263
549292
549395
549449
549552
549769
550006
550080
550118
550242
550459
550604
550726
550740
550781
550785
550819
551011
551065
551066
551165
551195
551349
551395
551414
551457
551498
551792
552045
552321
552344
552378
552480
552554
552588
552640
552749
552901
552903
552925
552993
553176
553249
553351
553381
553406
553447
553530
553637
553693
553773
553800
553926
554025
554030
554043
554135
554149
554153
554326
554417
554633
554635
554731
554748
554859
554912
554924
555090
555570
555807
555868
555987
556044
556153
556193
556212
556226
556322
556562
556673
556718
556816
556893
557254
557276
557400
557621
557774
557926
558085
558168
558467
558477
558657
558689
558896
558901
558930
559046
559078
559225
559248
559322
559373
559413
559628
559650
559678
559753
559806
559982
560362
560427
560556
560779
560798
560840
561134
561179
561300
561564
561711
561941
561953
562256
562393
562549
562701
562772
563016
563037
563202
563361
563448
563668
563692
564030
564041
564154
564177
564279
564304
564708
564918
564935
565006
565138
565207
565244
565300
565327
565350
565375
565642
565865
565890
565982
566163
566173
566198
566222
566250
566262
566365
566530
566556
566654
566699
566704
566740
566958
567004
567407
567617
567651
567750
567752
567764
567787
568045
568140
568518
568560
568586
568591
568670
568733
568738
568767
568783
568836
569153
569267
569458
569527
569640
569957
569987
570088
570223
570303
570370
570381
570387
570604
570640
570660
571061
571327
571664
571776
571837
571947
571957
572104
572136
572344
572345
572394
572445
572473
572520
572767
572884
572919
572952
572974
572977
573261
573354
573621
573622
573775
573839
574030
574101
574161
574172
574210
574296
574372
574514
574575
574623
574673
574828
575200
575264
575303
575449
575910
575998
576085
576282
576342
576398
576509
576523
576589
576643
576710
576719
576791
576818
576843
577025
577144
577166
577220
577306
577392
577554
577562
577900
577909
577973
578001
578025
578101
578122
578124
578269
578271
578308
578334
578454
578455
578486
578559
578781
578874
578910
578931
579015
579049
579130
579532
579871
579963
580113
580336
580395
580591
580642
580659
580691
580924
581045
581318
581426
581481
581526
581781
581812
581858
581859
581909
581972
582022
582030
582324
582401
582435
582747
582788
582829
582844
582951
583119
583350
583368
583602
583611
583864
583869
583937
583991
584166
584188
584229
584283
584493
584733
584922
584983
585029
585137
585226
585483
585529
585689
585775
585780
585792
586075
586217
586317
586448
586450
586683
586907
587055
587160
587371
587424
587869
587902
588055
588094
588195
588295
588311
588609
588622
588666
589027
589034
589420
589460
589553
589706
589740
589794
589798
589913
590054
590111
590437
590438
590630
590908
591009
591123
591162
591173
591186
591198
591220
591238
591609
591759
591812
591821
591879
591976
592161
592323
592392
592481
592517
592567
592595
592681
592818
592948
592966
593018
593126
593308
593367
593501
593763
593886
594083
594223
594349
594369
594417
594470
594592
594697
594874
595101
595171
595193
595240
595373
595434
595450
595580
595618
595631
595633
595688
595990
596061
596153
596328
596425
596482
596519
596752
596939
597066
597104
597230
597283
597327
597408
597573
598035
598061
598445
598748
598820
599088
599149
599425
599476
599521
599545
599719
599737
600000
600022
600263
600325
600373
600423
600680
600686
601161
601170
601364
601415
601436
601443
601447
601587
601687
601733
601742
601766
601806
601820
601919
602077
602358
602450
602530
602534
602602
602617
602634
602642
602689
602704
602750
602930
602936
603126
603134
603153
603167
603171
603528
603578
603614
603658
603794
603908
604093
604357
604371
604580
604793
605107
605149
605284
605338
605610
605829
606059
606141
606386
606393
606403
606421
606477
606590
607055
607150
607266
607375
607392
607448
607489
607560
607574
607583
607628
607676
607926
607934
607971
608495
608507
608752
608777
608903
609277
609443
609474
609539
609552
609604
609636
609692
609705
609783
610095
610124
610297
610306
610461
610530
610677
610918
611161
611170
611175
611200
611451
611543
611615
611744
611770
611927
611991
612127
612168
612446
612507
612569
612777
613148
613162
613165
613401
613543
613607
613701
613721
613729
613744
613764
613777
613978
614019
614030
614167
614191
614273
614348
614562
614594
614614
614656
614725
614775
614936
614955
614986
614994
615040
615114
615174
615440
615452
615475
615721
615907
616066
616134
616159
616217
616538
616881
617164
617457
617508
617685
617779
617783
617788
617899
617988
618038
618087
618091
618130
618192
618304
618309
618338
618447
618564
618669
618796
618806
618827
618836
619126
619577
619974
620286
620327
620407
620428
620437
620453
620546
620653
620741
620804
620950
621125
621152
621244
621307
621532
621576
621629
621929
622028
622174
622240
622369
622553
622740
622775
623094
623110
623186
623252
623601
623740
623773
623802
623923
623974
624298
624343
624363
624387
624698
624709
624734
624801
624987
625167
625179
625193
625268
625281
625531
625552
625597
625915
626131
626213
626401
626465
626492
626557
626685
626756
626766
626815
626830
626878
626914
626998
627127
627134
627154
627199
627382
627781
628021
628110
628227
628347
628558
628756
628888
628990
629006
629177
629180
629188
629484
629588
629653
629710
629732
629882
629915
630055
630277
630316
630555
630704
630769
630839
630880
631369
631418
631424
631514
631650
631773
631921
632180
632200
632230
632273
632289
632425
632452
632543
632607
632689
632721
632757
632787
632972
633096
633151
633304
633415
633486
633522
633541
633675
633869
633971
634133
634163
634324
634535
634552
634627
634909
635134
635311
635339
635370
635377
635413
635479
635718
635945
636502
636536
636826
637001
637106
637353
637480
637570
637714
637871
637894
638007
638084
638121
638129
638231
638233
638328
638339
638376
638419
638425
638695
638751
639117
639165
639238
639293
639308
639433
639483
639783
639979
640071
640182
640454
640663
640745
640806
640846
640961
641031
641159
641238
641268
641275
641422
641561
641599
641617
641618
641699
641730
641736
641779
641851
641909
641924
642037
642280
642305
642397
642525
642534
643106
643118
643220
643237
643240
643261
643270
643335
643359
643465
643562
643628
643678
643728
643887
644199
644225
644359
644583
644729
644911
644948
644969
644974
645120
645186
645399
645449
645694
645856
645943
646077
646182
646218
646367
646633
646725
646824
646966
647052
647166
647198
647205
647267
647278
647486
647659
647764
647809
647899
647979
648081
648127
648308
648612
648750
648802
648810
648893
648931
649042
649091
649181
649248
649373
649404
649500
649699
649716
649745
649800
649875
649956
650001
650097
650430
650610
650663
650672
650696
650752
650867
650883
651325
651379
651416
651718
651773
651792
651951
652002
652080
652231
652249
652252
652384
652540
652698
652882
652894
653063
653078
653221
653447
653517
653534
653642
653668
653682
653693
653731
653839
653850
653875
653882
653901
654040
654293
654333
654412
654431
654575
654723
654871
654980
654981
655055
655205
655234
655299
655351
655450
655464
655590
655657
655721
655959
655967
655983
656014
656077
656164
656252
656314
656454
656622
656731
656780
656905
656910
656995
657053
657125
657137
657200
657219
657385
657701
657743
657867
657973
658193
658241
658246
658250
658312
658343
658483
658529
658687
658808
658924
658947
658958
659042
659079
659364
659459
659515
659606
659790
659855
659857
659928
659936
659944
660178
660308
660462
660676
660681
660892
661135
661152
661282
661415
661493
661609
661658
661735
661810
661840
661972
661991
662057
662176
662285
662491
662530
662745
662749
662794
662900
662963
663359
663369
663430
663503
663644
663788
663798
663971
664067
664190
664375
664481
664563
664661
664683
664931
664983
665036
665058
665127
665224
665606
665752
666024
666153
666241
666270
666338
666374
666412
666485
666587
666589
666647
666693
666905
667046
667076
667179
667346
667450
667503
667631
667733
667739
667781
667871
668039
668051
668081
668310
668328
668474
668630
668796
668818
668819
668855
668878
668930
669042
669058
669083
669231
669251
669262
669340
669341
669344
669388
669421
669659
669676
669701
669850
669881
669906
669953
670048
670122
670189
670312
670320
670455
670463
670490
670563
670589
670941
671014
671188
671219
671308
671311
671424
671446
671479
671528
671610
671801
671948
672089
672268
672327
672329
672341
672391
672418
672502
672506
672885
672905
673046
673267
673570
673604
673901
673998
674136
674201
674221
674288
674303
674315
674461
674467
674558
674568
674652
674954
674955
675022
675159
675221
675306
675560
675682
675692
675719
675754
675755
675873
675920
675949
675968
675972
676325
676423
676507
676539
676597
676603
676654
676700
676732
676814
676826
677226
677277
677290
677322
677414
677470
677527
677543
677701
677759
677813
677865
678087
678213
678228
678331
678359
678577
678696
678704
678771
678872
679135
679202
679351
679357
679368
679426
679704
679753
679883
679899
680024
680078
680081
680255
680309
680325
680370
680377
680383
680536
680552
680629
680818
680840
680883
680967
680990
681026
681097
681099
681285
681298
681317
681355
681396
681760
681831
682021
682199
682532
682691
682724
682741
682819
683217
683336
683370
683541
683550
683737
683744
683855
683869
683881
683915
683990
684057
684067
684392
685546
685566
685654
685663
685899
686049
686374
686427
686584
686611
686656
686763
686823
687112
687504
687647
687766
687774
687817
688249
688342
688422
688424
688630
688775
688812
688813
689002
689067
689087
689148
689396
689509
689532
689538
689604
689701
689850
689855
689917
689939
690087
690148
690283
690377
690412
690466
690516
690593
690727
691336
691453
691467
691751
691808
691880
691915
691982
692055
692073
692082
692167
692291
692391
692473
692796
692826
692933
692962
692973
692988
693000
693246
693315
693316
693348
693365
693557
693599
693686
693687
693727
693764
693779
693793
693960
694050
694220
694285
694367
694522
694638
694855
694947
695041
695061
695174
695359
695436
695482
695490
695712
695784
695870
696225
696233
696237
696367
696488
696635
696790
696804
696865
696944
697127
697190
697333
697342
697809
697841
697912
697999
698081
698172
698368
698872
698955
699059
699065
699082
699410
699704
699708
699835
699904
699908
699991
700127
700141
700200
700235
700630
700637
700697
700709
700820
700858
700901
700978
701273
701307
701556
701602
701632
701707
701887
701902
701923
702070
702221
702224
702255
702352
702417
702498
702698
703066
703169
703228
703298
703417
703596
703629
703710
704199
704587
704660
704709
704792
704873
704958
705287
705340
705342
705397
705422
705435
705543
705736
705874
705926
705930
706222
706241
706323
706355
706681
706694
706709
706783
706947
707036
707289
707650
707786
707913
707917
707921
708090
708145
708153
708245
708254
708393
708403
708512
708582
708676
708693
708737
708942
709125
709287
709358
709394
709436
709482
709494
709514
709647
709683
709756
709796
709959
710143
710239
710446
710477
710552
710603
710643
710759
711049
711088
711102
711147
711180
711258
711265
711527
711534
711578
711660
711798
711834
711988
712037
712226
712241
712465
712474
712480
712492
712526
712858
712860
712950
713119
713122
713177
713344
713358
713620
713688
713740
714214
714239
714374
714472
714534
714546
714586
714630
714634
714952
714980
715066
715137
715299
715438
715489
715531
715728
715926
715993
716061
716083
716182
716190
716374
716527
716705
716720
716728
716837
716882
717021
717069
717152
717263
717298
717311
717332
717398
717434
717607
717653
717690
717723
717750
717785
717955
717977
717981
718038
718180
718270
718790
718793
718982
718983
719131
719211
719329
719346
719558
719765
719799
720032
720090
720118
720323
720324
720344
720420
720459
720506
720566
720817
720992
721163
721274
721334
721553
721559
721838
721975
722083
722086
722088
722229
722278
722322
722364
722454
722552
722831
722867
722907
723116
723119
723314
723325
723345
723384
723494
723563
723742
723933
723985
724211
724277
724907
725011
725028
725084
725231
725352
725404
725410
725444
725654
725689
725797
725855
726016
726027
726082
726099
726197
726229
726280
726286
726359
726370
726472
726588
726604
726633
726650
726773
726793
727074
727082
727138
727204
727284
727355
727410
727476
728020
728155
728263
728335
728537
728824
728829
728850
728881
729067
729201
729240
729267
729333
729465
729504
729507
729717
729972
729983
730041
730086
730185
730406
730460
730517
730559
730595
730698
730780
730877
730883
730979
731157
731290
731334
731453
731458
731536
731575
731802
731926
731937
731970
731972
732177
732343
732539
732563
732596
732600
732622
732627
732755
732826
732843
732914
732927
732980
733122
733206
733279
733332
733368
733470
733479
733697
733785
733972
734073
734082
734134
734193
734198
734311
734369
734382
734433
734483
734590
734594
734664
734668
734706
734755
734908
734924
735036
735142
735183
735249
735527
736095
736124
736128
736509
736563
736868
736955
736998
737028
737133
737304
737524
737754
737759
737939
738056
738156
738182
738222
738314
738410
738640
738754
738773
738807
738830
738885
738917
738980
739396
739466
739535
739627
739831
740014
740044
740111
740281
740305
740359
740570
740816
740884
741053
741106
741125
741182
741700
741777
741859
742021
742024
742025
742168
742378
742382
742512
742614
742702
742754
742918
743109
743249
743323
743540
743589
743637
743690
743714
743852
744328
744483
744650
744692
744731
744794
744813
744987
745047
745069
745090
745096
745210
745299
745337
745415
745445
745459
745489
745508
745692
745760
745834
745908
745936
746028
746060
746132
746178
746502
746518
746562
746837
746869
746933
747012
747016
747211
747334
747740
747875
747883
748167
748328
748339
748377
748384
748589
748662
748666
748702
748851
748964
749012
749094
749120
749250
749328
749412
749453
749603
749751
750185
750733
750786
750803
750808
750998
751028
751040
751116
751212
751544
751696
751736
751746
751826
751846
751967
751983
752144
752201
752411
752465
752560
752641
752686
752760
752831
752910
753062
753131
753490
753702
753834
754120
754261
754273
754650
754703
754813
754862
755028
755195
755275
755292
755481
755487
755533
755569
755632
755679
755732
755890
755902
755957
755960
756107
756336
756600
756714
756731
756954
757061
757228
757389
757459
757462
757599
757668
757791
757823
757826
757838
757860
757918
757977
757981
758012
758013
758042
758260
758282
758314
758347
758912
758978
758985
759147
759191
759657
759898
759908
759913
760010
760097
760129
760138
760307
760323
760333
760552
760581
760620
760811
760863
760986
761260
761330
761431
761439
761487
761572
761713
761771
761845
762090
762120
762226
762380
762419
762433
762551
762561
762644
762664
762677
763038
763203
763333
763495
763703
763941
764036
764477
764634
764720
764804
764871
764962
765035
765166
765435
765491
765498
765499
765506
765765
765828
766133
766221
766229
766371
766439
766694
766936
767024
767034
767146
767310
767328
767437
767506
767777
767880
767931
767966
767994
768297
768603
768774
769269
769294
769318
769322
769651
769728
769744
769781
769784
769840
769986
770075
770350
770401
770517
770587
770672
770785
770812
770919
770938
771162
771183
771232
771388
771454
771603
771694
771811
771833
771854
771934
772129
772197
772334
772695
773036
773081
773105
773303
773312
773344
773362
773397
773413
773446
773489
773528
773729
773896
774036
774215
774303
774544
774606
774628
774840
774916
774933
774946
775070
775153
775205
775218
775226
775356
775515
775970
776072
776255
776374
776382
776398
776461
776492
776549
777097
777115
777197
777286
777422
777461
777518
777528
777556
777694
777703
777765
777826
777839
778021
778142
778192
778317
778324
778447
778641
778759
778965
779081
779381
779398
779569
779593
779709
779840
779845
779878
779941
779955
780211
780310
780333
780338
780380
780547
780610
780624
780818
780867
780913
781330
781337
781387
781408
781479
781491
781643
781721
781903
781943
781947
781988
782088
782109
782172
782382
782479
782525
782567
782568
782788
782942
783071
783274
783349
783370
783478
783597
783771
784018
784208
784259
784475
784483
784630
784648
784792
784883
784900
785053
785153
785325
785410
785461
785490
785689
785742
785749
785773
785828
785857
785895
785944
785957
786058
786146
786202
786438
786534
786654
786855
786865
786909
787034
787127
787181
787212
787261
787463
787626
787737
787755
787795
788030
788077
788117
788265
788293
788404
788544
788940
788986
789031
789097
789235
789274
789305
789478
789501
789689
789801
789967
790009
790038
790103
790190
790290
790342
790393
790591
790654
790695
790754
790876
790915
790953
791026
791123
791276
791550
791666
791755
792137
792273
792562
792607
792828
793084
793100
793186
793203
793261
793555
793615
793630
794259
794303
794327
794386
794729
794741
794777
794818
794829
794895
794998
795011
795057
795085
795273
795500
795501
795511
795643
795683
795793
795840
795897
796026
796326
796360
796371
796525
796737
796784
796985
797127
797149
797203
797337
797381
797451
797481
797644
797675
797768
797821
797955
798030
798184
798314
798332
798559
798576
798600
798677
798697
798844
798944
799054
799055
799225
799448
799489
799622
799692
799758
799800
799819
799827
799829
799921
799969
799983
800030
800060
800123
800149
800184
800263
800279
800436
800716
800835
801043
801231
801319
801518
801581
801792
801809
801923
801984
802024
802049
802248
802249
802263
802264
802423
802561
802566
802684
802691
802700
802820
802824
802831
802832
803134
803141
803198
803277
803339
803378
803403
803412
803447
803535
803723
803904
803958
804051
804355
804389
804478
804633
804788
804825
804881
804936
804961
805032
805079
805127
805205
805561
805659
805695
805708
805718
805738
805754
805992
806196
806384
806768
806877
806978
807084
807336
807620
807636
807751
807792
807882
808014
808048
808157
808553
808588
808647
808709
808772
808800
808879
809015
809076
809102
809211
809314
809348
809372
809462
809578
809616
809724
809731
809854
810038
810054
810202
810332
810356
810395
810433
810826
810970
810990
811083
811108
811137
811226
811360
811733
811905
811916
811968
812067
812359
812393
812459
812493
812567
812800
812970
812978
813031
813090
813186
813237
813438
813523
813531
813756
813861
814065
814097
814244
814333
814356
814369
814672
814765
814806
814833
815165
815242
815390
815510
815640
815736
815917
816259
816299
816327
816738
816751
816891
816892
816916
816920
816988
817332
817574
817579
817734
817735
817887
817914
817923
818003
818077
818091
818162
818193
818837
818896
818970
819122
819251
819290
819338
819396
819447
819478
819505
819825
819848
820099
820176
820213
820244
820261
820381
820461
820673
820793
820937
821163
821428
821569
821607
821721
821790
822028
822029
822095
822224
822322
822534
822543
822584
822680
822697
822713
822930
822934
823019
823043
823191
823199
823202
823205
823261
823339
823430
823676
823725
823799
823963
823997
824048
824079
824111
824170
824173
824659
824723
824866
824897
825012
825212
825289
825352
825384
825693
825707
825798
825859
825868
825965
825994
826048
826147
826336
826340
826485
826525
826653
826670
826750
826822
827045
827052
827147
827171
827349
827414
827469
827489
827548
827642
827711
827937
828096
828162
828217
828253
828457
828481
828712
828724
828773
828866
828992
829075
829190
829243
829269
829323
829543
829549
829565
829733
829749
829790
829952
829969
830028
830045
830154
830389
830500
830667
831303
831386
831518
831563
831730
831794
832024
832049
832136
832171
832180
832308
832426
832507
832540
832676
832695
832729
832800
832944
833028
833095
833104
833144
833393
833511
833540
833774
833841
833873
833970
834017
834151
834282
834486
834512
834649
834710
834718
834809
834821
834877
834879
835026
835049
835099
835147
835291
835372
835457
835461
835630
835667
835816
835896
835944
836051
836140
836174
836185
836338
836403
836440
836616
836697
836784
836805
836868
836973
836998
837289
837332
837375
837434
837614
837643
837783
837921
838055
838119
838258
838420
838458
838549
838578
838592
838596
838878
838935
838998
839012
839164
839217
839280
839379
839952
839961
839963
840170
840218
840401
840629
840668
840768
840890
841068
841088
841108
841110
841178
841333
841435
841466
841505
841647
841656
841677
841812
841937
842012
842026
842030
842255
842259
842569
842636
842638
842696
842824
842851
842925
842941
842942
843057
843245
843419
843505
843567
843572
843689
843769
843843
843850
843869
843975
844026
844113
844225
844263
844310
844404
844468
844599
844674
844708
844775
845005
845063
845065
845218
845220
845362
845389
845528
845768
845787
845881
846342
846979
847053
847055
847218
847395
847533
847536
847674
847684
847883
847913
848074
848165
848378
848774
849054
849074
849079
849154
849221
849241
849245
849457
849485
849562
849573
849669
849673
849995
850077
850082
850098
850123
850217
850335
850352
850442
850608
850729
850910
851062
851096
851491
851520
851683
851729
851851
851853
851865
851953
852031
852049
852202
852619
852826
852839
852953
853011
853100
853103
853306
853345
853503
853787
853827
853988
854037
854116
854235
854330
854453
854542
854794
854799
854837
854958
855051
855220
855286
855493
855647
855671
855832
855933
856095
856177
856271
856277
856544
856560
856666
856691
856723
856724
857046
857094
857108
857172
857186
857257
857303
857333
857481
857516
857672
857828
857843
858229
858240
858344
858355
858393
858489
858568
858706
858758
858833
858840
858869
858954
858993
859034
859102
859122
859267
859297
859463
859581
859735
859806
859820
859988
860155
860420
860671
860785
860867
861142
861222
861400
861417
861538
861588
861722
861974
861985
862031
862039
862055
862189
862406
862530
862655
863229
863502
863536
863635
863648
863685
863686
863901
863951
864286
864313
864315
864630
864637
864690
864719
864852
864986
865120
865424
865448
865486
865582
865661
865804
865961
865986
865999
866028
866047
866052
866061
866091
866444
866570
866608
866653
866697
866731
866765
866770
866775
866795
866839
866841
866898
866935
867274
867461
867475
867507
867646
867676
867843
868383
868460
868512
868829
868902
869061
869354
869380
869401
869444
869478
869568
869573
869711
869869
870003
870034
870038
870135
870144
870261
870272
870590
870629
870665
870733
870771
870908
871085
871101
871150
871291
871418
871725
871773
871780
871826
871885
872126
872198
872226
872242
872444
872643
872689
872702
872783
873076
873181
873363
873402
873419
873884
874036
874060
874224
874234
874323
874499
874547
874561
874807
874863
874901
874936
875054
875088
875149
875471
875491
875666
875816
875846
875974
876038
876109
876212
876437
876449
876524
876672
876815
876962
877051
877146
877182
877195
877573
877723
877724
877843
877919
877968
878112
878118
878120
878536
878540
878614
878744
878798
878806
878992
878999
879007
879265
879282
879783
879816
879913
879945
880203
880309
880570
880714
880782
880787
880907
880909
881011
881310
881338
881554
881694
881836
881847
881849
881992
882410
882546
882643
882696
882713
882751
882773
882792
883231
883670
883675
883775
883796
883851
884099
884336
884466
884629
884777
885488
885613
885676
885816
886031
886298
886512
886569
886658
886789
886927
886986
886987
887061
887315
887378
887498
887517
887596
888020
888048
888151
888273
888346
888366
888519
888554
888608
888790
888939
889008
889096
889332
889348
889771
889987
889996
890142
890184
890229
890281
890374
890384
890397
890559
890631
890648
890706
890738
890785
890984
891054
891141
891564
891587
891938
892026
892109
892207
892235
892313
892412
892464
892510
892575
892672
892692
893197
893236
893308
893315
893576
893651
893771
893791
894229
894577
894644
894667
894683
894744
894845
894936
895017
895064
895108
895363
895371
895417
895476
895526
895654
895947
896078
896157
896177
896215
896233
896242
896249
896399
896423
896558
896604
896846
897008
897057
897252
897271
897284
897358
897732
897753
897811
897840
897946
897968
898045
898219
898258
898353
898376
898566
898600
898655
898660
898676
898715
898777
898854
898897
898922
899168
899256
899656
900043
900103
900353
900366
900377
900388
900393
900476
900481
900485
900503
900665
900676
900723
900858
900940
901088
901194
901295
901474
901639
901785
901969
902052
902183
902322
902358
902379
902685
902856
902918
902991
903104
903158
903183
903267
903701
903736
903788
904027
904183
904288
904325
904329
904388
904416
904561
904671
905078
905093
905103
905185
905417
905525
905560
905668
905905
905954
906046
906091
906331
906437
906517
906640
906727
906778
906955
906956
907201
907359
907460
907461
907499
907634
907649
907685
907711
907898
908243
908563
908618
908923
908936
908941
909253
909382
909468
909566
909646
909820
909938
909999
910077
910176
910222
910387
910540
910584
910857
910941
911036
911077
911102
911301
911359
911393
911551
911558
911618
911749
911763
911822
911829
912002
912053
912183
912224
912274
912276
912337
912385
912456
912694
912731
912816
912904
912971
912994
913031
913081
913554
913560
913688
913712
913743
913885
913901
914006
914095
914111
914153
914305
914368
914397
914486
914568
914969
915070
915088
915092
915174
915194
915245
915272
915405
915489
915832
915974
915982
916003
916118
916170
916309
916401
916433
916438
916536
916552
916617
916756
916812
916829
916946
917103
917327
917517
917751
917838
917881
918010
918258
918468
918599
918600
918640
918673
918777
918950
919025
919085
919217
919238
919249
919463
919511
919516
919604
919749
919842
920272
920285
920326
920335
920436
920487
920721
920994
921138
921178
921308
921315
921321
921336
921415
921513
921889
922125
922246
922257
922302
922378
922444
922537
922618
922745
922791
922876
922890
922925
922977
923009
923102
923365
923474
923611
923669
923711
923723
923773
923819
923858
924263
924385
924490
924495
924553
924721
924776
924795
924802
924905
924928
925051
925137
925266
925354
925555
925610
925637
925872
925969
926003
926060
926190
926360
926391
926569
926689
926811
926824
926901
927793
927830
927873
927887
927929
928155
928306
928308
928326
928421
928433
928437
928634
928641
928742
928749
928828
929029
929045
929161
929340
929600
929885
929925
930138
930191
930266
930316
930628
930721
930768
930842
931115
931291
931337
931365
931373
931392
931414
931517
931546
931719
931843
931912
932058
932116
932233
932265
932319
932336
932425
932601
932712
932941
933030
933078
933138
933150
933290
933316
933340
933490
933542
933608
933622
933654
933721
933762
934374
934409
934565
934697
934741
934835
934852
934868
934980
934989
935045
935352
935498
935767
935809
935908
936116
936201
936208
936285
936380
936387
936407
936429
936452
936460
936723
936971
937136
937188
937316
937324
937404
937405
937481
937543
937659
937664
937820
937906
937934
938614
938780
938917
939091
939114
939228
939291
939334
939417
939469
939601
939755
939767
939789
939836
939855
940097
940227
940288
940392
940403
940480
940580
940658
940931
941171
941208
941233
941419
941756
941831
941888
942181
942237
942269
942281
942419
942492
942624
942768
942843
942872
942885
943118
943153
943272
943286
943603
943801
943849
943904
943951
944088
944176
944202
944301
944856
944959
945319
945324
945438
945456
945562
945599
945706
945985
946019
946065
946078
946209
946474
946535
946615
947094
947150
947279
947379
947452
947489
947507
947555
947563
947593
947667
947931
947940
947983
948013
948077
948079
948223
948389
948473
948665
948910
949001
949024
949038
949056
949135
949154
949169
949188
949203
949362
949420
949588
949644
949712
949775
949787
949877
949881
949937
950009
950224
950384
950406
950530
950548
950655
950675
950690
950740
950793
950802
950826
951059
951131
951267
951392
951444
951573
951699
951734
951854
952008
952011
952055
952157
952974
953041
953081
953092
953187
953259
953759
953880
953972
954083
954086
954124
954265
954322
954908
955045
955129
955296
955300
955474
955675
955715
955887
955889
956309
956337
956487
956506
956525
956537
956705
956732
956835
956957
956962
956982
957044
957089
957105
957226
957496
957545
957556
957644
957720
957929
957996
958014
958111
958125
958304
958731
958757
958967
959148
959330
959494
959689
959754
959778
959962
960001
960060
960203
960218
960224
960258
960572
960727
960888
960897
960927
961080
961109
961116
961138
961143
961226
961311
961371
961629
961728
961768
962000
962125
962201
962220
962264
962375
962461
962558
962664
962745
962909
962948
962967
963224
963239
963268
963292
963356
963425
963462
963498
963650
963848
963985
964010
964037
964108
964205
964264
964311
964323
964573
964710
964753
964850
964877
965013
965145
965177
965275
965347
965351
965422
965434
965499
965520
965773
965811
965818
966165
966180
966289
966314
966560
966670
966683
966794
966844
966853
966926
967170
967400
967402
967538
967607
967738
967856
968026
968036
968246
968267
968300
968428
968484
968514
968616
968702
968703
968738
968795
968849
968894
968942
969180
969209
969489
969494
969712
969895
969898
969927
969973
970017
970080
970095
970164
970473
970531
970801
970812
970866
970877
970953
970987
970989
971022
971195
971208
971386
971435
971665
971790
971897
971952
972086
972220
972452
972465
972482
972550
972680
972715
972743
972908
972921
972954
972989
973090
973098
973310
973323
973457
973609
973778
973779
973781
973796
973869
973961
973965
974027
974206
974211
974264
974275
974338
974353
974376
974523
974533
974691
975102
975195
975204
975488
975519
975553
975599
975698
975703
975772
975844
976115
976302
976421
976635
976727
976831
976901
976905
976923
977033
977113
977154
977194
977325
977522
977690
977792
977912
977930
977991
978040
978111
978156
978233
978465
978529
978787
978925
978935
978978
979037
979070
979123
979124
979206
979219
979307
979417
979423
979461
979553
979554
979753
979797
979799
979861
979961
979995
980052
980133
980139
980351
980384
980509
980544
980606
980635
980726
980747
980798
981108
981213
981837
981939
981944
982014
982058
982155
982170
982260
982339
982432
982665
982705
982706
982775
982801
982836
982970
983119
983240
983312
983456
983465
983637
983708
983712
983766
983837
983934
983939
984072
984176
984199
984200
984203
984292
984303
984375
984468
984840
985064
985183
985298
985376
985405
985720
985798
985927
986093
986132
986434
986580
986585
986681
986863
986989
987008
987316
987372
987390
987430
987628
987666
987675
987769
987983
988080
988178
988398
988455
988547
988666
988819
988848
988888
989175
989199
989278
989306
989366
989640
989693
989701
989959
990064
990223
990293
990330
990386
990528
990585
990596
990680
990725
990791
990931
990954
991085
991131
991409
991431
991645
991654
991752
991774
991831
991895
991962
991984
992025
992111
992198
992565
992574
992831
992859
992979
993074
993313
993591
993645
993653
993981
994007
994118
994137
994143
994145
994166
994232
994266
994321
994344
994458
994648
994944
994962
995048
995213
995224
995444
995466
995474
995548
995560
995618
995699
995743
996070
996147
996293
996882
996898
996934
997056
997187
997284
997325
997369
997399
997479
997587
997636
997753
997845
998126
998217
998483
998499
998511
998612
998717
998803
998951
999061
999217
999377
999681
999702
999734
999749
999883
999942
